1.0 1.0 99999.0
1.0 2.0 99999.0
1.0 3.0 99999.0
1.0 4.0 336.091936676131
1.0 5.0 99999.0
1.0 6.0 99999.0
1.0 7.0 99999.0
1.0 8.0 434.573118005254
1.0 9.0 99999.0
1.0 10.0 218.228645458088
1.0 11.0 99999.0
1.0 12.0 99999.0
1.0 13.0 99999.0
1.0 14.0 608.535302838981
1.0 15.0 99999.0
1.0 16.0 99999.0
1.0 17.0 99999.0
1.0 18.0 99999.0
1.0 19.0 647.88035309665
1.0 20.0 99999.0
1.0 21.0 411.558977699785
1.0 22.0 99999.0
2.0 1.0 99999.0
2.0 2.0 99999.0
2.0 3.0 582.322915155186
2.0 4.0 99999.0
2.0 5.0 99999.0
2.0 6.0 99999.0
2.0 7.0 99999.0
2.0 8.0 99999.0
2.0 9.0 99999.0
2.0 10.0 99999.0
2.0 11.0 99999.0
2.0 12.0 406.566735371231
2.0 13.0 354.777896934529
2.0 14.0 99999.0
2.0 15.0 248.900606061764
2.0 16.0 612.249342904
2.0 17.0 99999.0
2.0 18.0 99999.0
2.0 19.0 99999.0
2.0 20.0 99999.0
2.0 21.0 99999.0
2.0 22.0 99999.0
3.0 1.0 99999.0
3.0 2.0 582.322915155186
3.0 3.0 99999.0
3.0 4.0 99999.0
3.0 5.0 99999.0
3.0 6.0 99999.0
3.0 7.0 586.661242226304
3.0 8.0 99999.0
3.0 9.0 417.392222933442
3.0 10.0 99999.0
3.0 11.0 99999.0
3.0 12.0 99999.0
3.0 13.0 240.849520433293
3.0 14.0 99999.0
3.0 15.0 99999.0
3.0 16.0 203.789325905778
3.0 17.0 655.972865272578
3.0 18.0 99999.0
3.0 19.0 99999.0
3.0 20.0 99999.0
3.0 21.0 99999.0
3.0 22.0 99999.0
4.0 1.0 336.091936676131
4.0 2.0 99999.0
4.0 3.0 99999.0
4.0 4.0 99999.0
4.0 5.0 99999.0
4.0 6.0 536.70499513651
4.0 7.0 99999.0
4.0 8.0 488.37698817487
4.0 9.0 99999.0
4.0 10.0 507.740440655028
4.0 11.0 99999.0
4.0 12.0 99999.0
4.0 13.0 99999.0
4.0 14.0 99999.0
4.0 15.0 99999.0
4.0 16.0 99999.0
4.0 17.0 99999.0
4.0 18.0 644.682291601627
4.0 19.0 99999.0
4.0 20.0 99999.0
4.0 21.0 99999.0
4.0 22.0 99999.0
5.0 1.0 99999.0
5.0 2.0 99999.0
5.0 3.0 99999.0
5.0 4.0 99999.0
5.0 5.0 99999.0
5.0 6.0 99999.0
5.0 7.0 491.412213471222
5.0 8.0 99999.0
5.0 9.0 448.552475912182
5.0 10.0 99999.0
5.0 11.0 661.311861138734
5.0 12.0 99999.0
5.0 13.0 99999.0
5.0 14.0 99999.0
5.0 15.0 99999.0
5.0 16.0 99999.0
5.0 17.0 160.207676595292
5.0 18.0 99999.0
5.0 19.0 99999.0
5.0 20.0 302.540406975971
5.0 21.0 99999.0
5.0 22.0 508.0149146194
6.0 1.0 99999.0
6.0 2.0 99999.0
6.0 3.0 99999.0
6.0 4.0 536.70499513651
6.0 5.0 99999.0
6.0 6.0 99999.0
6.0 7.0 99999.0
6.0 8.0 562.996967965237
6.0 9.0 99999.0
6.0 10.0 99999.0
6.0 11.0 99999.0
6.0 12.0 99999.0
6.0 13.0 99999.0
6.0 14.0 99999.0
6.0 15.0 99999.0
6.0 16.0 99999.0
6.0 17.0 99999.0
6.0 18.0 405.23049710379
6.0 19.0 99999.0
6.0 20.0 99999.0
6.0 21.0 99999.0
6.0 22.0 99999.0
7.0 1.0 99999.0
7.0 2.0 99999.0
7.0 3.0 586.661242226304
7.0 4.0 99999.0
7.0 5.0 491.412213471222
7.0 6.0 99999.0
7.0 7.0 99999.0
7.0 8.0 99999.0
7.0 9.0 517.133468494874
7.0 10.0 99999.0
7.0 11.0 441.414431546974
7.0 12.0 927.538179697801
7.0 13.0 657.402578209844
7.0 14.0 99999.0
7.0 15.0 99999.0
7.0 16.0 405.464788089366
7.0 17.0 442.838219732195
7.0 18.0 99999.0
7.0 19.0 625.958147851874
7.0 20.0 683.087553992435
7.0 21.0 99999.0
7.0 22.0 596.130444288231
8.0 1.0 434.573118005254
8.0 2.0 99999.0
8.0 3.0 99999.0
8.0 4.0 488.37698817487
8.0 5.0 99999.0
8.0 6.0 562.996967965237
8.0 7.0 99999.0
8.0 8.0 99999.0
8.0 9.0 99999.0
8.0 10.0 353.642404378108
8.0 11.0 660.372323674897
8.0 12.0 99999.0
8.0 13.0 99999.0
8.0 14.0 99999.0
8.0 15.0 99999.0
8.0 16.0 99999.0
8.0 17.0 99999.0
8.0 18.0 310.416434099838
8.0 19.0 313.866398590129
8.0 20.0 99999.0
8.0 21.0 454.511388157468
8.0 22.0 99999.0
9.0 1.0 99999.0
9.0 2.0 99999.0
9.0 3.0 417.392222933442
9.0 4.0 99999.0
9.0 5.0 448.552475912182
9.0 6.0 99999.0
9.0 7.0 517.133468494874
9.0 8.0 99999.0
9.0 9.0 99999.0
9.0 10.0 99999.0
9.0 11.0 99999.0
9.0 12.0 99999.0
9.0 13.0 644.082608230797
9.0 14.0 99999.0
9.0 15.0 99999.0
9.0 16.0 436.346428484134
9.0 17.0 288.785790293584
9.0 18.0 99999.0
9.0 19.0 99999.0
9.0 20.0 344.54594342897
9.0 21.0 99999.0
9.0 22.0 99999.0
10.0 1.0 218.228645458088
10.0 2.0 99999.0
10.0 3.0 99999.0
10.0 4.0 507.740440655028
10.0 5.0 99999.0
10.0 6.0 99999.0
10.0 7.0 99999.0
10.0 8.0 353.642404378108
10.0 9.0 99999.0
10.0 10.0 99999.0
10.0 11.0 99999.0
10.0 12.0 99999.0
10.0 13.0 99999.0
10.0 14.0 521.587595163728
10.0 15.0 99999.0
10.0 16.0 99999.0
10.0 17.0 99999.0
10.0 18.0 663.916987056811
10.0 19.0 469.009520334784
10.0 20.0 99999.0
10.0 21.0 201.519604952323
10.0 22.0 99999.0
11.0 1.0 99999.0
11.0 2.0 99999.0
11.0 3.0 99999.0
11.0 4.0 99999.0
11.0 5.0 661.311861138734
11.0 6.0 99999.0
11.0 7.0 441.414431546974
11.0 8.0 660.372323674897
11.0 9.0 99999.0
11.0 10.0 99999.0
11.0 11.0 99999.0
11.0 12.0 99999.0
11.0 13.0 99999.0
11.0 14.0 99999.0
11.0 15.0 99999.0
11.0 16.0 99999.0
11.0 17.0 99999.0
11.0 18.0 619.055644986177
11.0 19.0 397.323067693025
11.0 20.0 99999.0
11.0 21.0 99999.0
11.0 22.0 348.634135330657
12.0 1.0 99999.0
12.0 2.0 406.566735371231
12.0 3.0 99999.0
12.0 4.0 99999.0
12.0 5.0 99999.0
12.0 6.0 99999.0
12.0 7.0 927.538179697801
12.0 8.0 99999.0
12.0 9.0 99999.0
12.0 10.0 99999.0
12.0 11.0 99999.0
12.0 12.0 99999.0
12.0 13.0 573.623332186534
12.0 14.0 510.668678924801
12.0 15.0 447.967549926491
12.0 16.0 99999.0
12.0 17.0 99999.0
12.0 18.0 99999.0
12.0 19.0 975.183753448203
12.0 20.0 99999.0
12.0 21.0 694.213196588725
12.0 22.0 99999.0
13.0 1.0 99999.0
13.0 2.0 354.777896934529
13.0 3.0 240.849520433293
13.0 4.0 99999.0
13.0 5.0 99999.0
13.0 6.0 99999.0
13.0 7.0 657.402578209844
13.0 8.0 99999.0
13.0 9.0 644.082608230797
13.0 10.0 99999.0
13.0 11.0 99999.0
13.0 12.0 573.623332186534
13.0 13.0 99999.0
13.0 14.0 99999.0
13.0 15.0 603.678431189004
13.0 16.0 268.72785828426
13.0 17.0 99999.0
13.0 18.0 99999.0
13.0 19.0 99999.0
13.0 20.0 99999.0
13.0 21.0 99999.0
13.0 22.0 99999.0
14.0 1.0 608.535302838981
14.0 2.0 99999.0
14.0 3.0 99999.0
14.0 4.0 99999.0
14.0 5.0 99999.0
14.0 6.0 99999.0
14.0 7.0 99999.0
14.0 8.0 99999.0
14.0 9.0 99999.0
14.0 10.0 521.587595163728
14.0 11.0 99999.0
14.0 12.0 510.668678924801
14.0 13.0 99999.0
14.0 14.0 99999.0
14.0 15.0 99999.0
14.0 16.0 99999.0
14.0 17.0 99999.0
14.0 18.0 99999.0
14.0 19.0 99999.0
14.0 20.0 99999.0
14.0 21.0 436.413113803372
14.0 22.0 99999.0
15.0 1.0 99999.0
15.0 2.0 248.900606061764
15.0 3.0 99999.0
15.0 4.0 99999.0
15.0 5.0 99999.0
15.0 6.0 99999.0
15.0 7.0 99999.0
15.0 8.0 99999.0
15.0 9.0 99999.0
15.0 10.0 99999.0
15.0 11.0 99999.0
15.0 12.0 447.967549926491
15.0 13.0 603.678431189004
15.0 14.0 99999.0
15.0 15.0 99999.0
15.0 16.0 99999.0
15.0 17.0 99999.0
15.0 18.0 99999.0
15.0 19.0 99999.0
15.0 20.0 99999.0
15.0 21.0 99999.0
15.0 22.0 99999.0
16.0 1.0 99999.0
16.0 2.0 612.249342904
16.0 3.0 203.789325905778
16.0 4.0 99999.0
16.0 5.0 99999.0
16.0 6.0 99999.0
16.0 7.0 405.464788089366
16.0 8.0 99999.0
16.0 9.0 436.346428484134
16.0 10.0 99999.0
16.0 11.0 99999.0
16.0 12.0 99999.0
16.0 13.0 268.72785828426
16.0 14.0 99999.0
16.0 15.0 99999.0
16.0 16.0 99999.0
16.0 17.0 593.89140628102
16.0 18.0 99999.0
16.0 19.0 99999.0
16.0 20.0 99999.0
16.0 21.0 99999.0
16.0 22.0 99999.0
17.0 1.0 99999.0
17.0 2.0 99999.0
17.0 3.0 655.972865272578
17.0 4.0 99999.0
17.0 5.0 160.207676595292
17.0 6.0 99999.0
17.0 7.0 442.838219732195
17.0 8.0 99999.0
17.0 9.0 288.785790293584
17.0 10.0 99999.0
17.0 11.0 99999.0
17.0 12.0 99999.0
17.0 13.0 99999.0
17.0 14.0 99999.0
17.0 15.0 99999.0
17.0 16.0 593.89140628102
17.0 17.0 99999.0
17.0 18.0 99999.0
17.0 19.0 99999.0
17.0 20.0 244.05254649575
17.0 21.0 99999.0
17.0 22.0 633.725909341655
18.0 1.0 99999.0
18.0 2.0 99999.0
18.0 3.0 99999.0
18.0 4.0 644.682291601627
18.0 5.0 99999.0
18.0 6.0 405.23049710379
18.0 7.0 99999.0
18.0 8.0 310.416434099838
18.0 9.0 99999.0
18.0 10.0 663.916987056811
18.0 11.0 619.055644986177
18.0 12.0 99999.0
18.0 13.0 99999.0
18.0 14.0 99999.0
18.0 15.0 99999.0
18.0 16.0 99999.0
18.0 17.0 99999.0
18.0 18.0 99999.0
18.0 19.0 454.027921575302
18.0 20.0 99999.0
18.0 21.0 99999.0
18.0 22.0 845.939216454774
19.0 1.0 647.88035309665
19.0 2.0 99999.0
19.0 3.0 99999.0
19.0 4.0 99999.0
19.0 5.0 99999.0
19.0 6.0 99999.0
19.0 7.0 625.958147851874
19.0 8.0 313.866398590129
19.0 9.0 99999.0
19.0 10.0 469.009520334784
19.0 11.0 397.323067693025
19.0 12.0 975.183753448203
19.0 13.0 99999.0
19.0 14.0 99999.0
19.0 15.0 99999.0
19.0 16.0 99999.0
19.0 17.0 99999.0
19.0 18.0 454.027921575302
19.0 19.0 99999.0
19.0 20.0 99999.0
19.0 21.0 423.953924879904
19.0 22.0 99999.0
20.0 1.0 99999.0
20.0 2.0 99999.0
20.0 3.0 99999.0
20.0 4.0 99999.0
20.0 5.0 302.540406975971
20.0 6.0 99999.0
20.0 7.0 683.087553992435
20.0 8.0 99999.0
20.0 9.0 344.54594342897
20.0 10.0 99999.0
20.0 11.0 99999.0
20.0 12.0 99999.0
20.0 13.0 99999.0
20.0 14.0 99999.0
20.0 15.0 99999.0
20.0 16.0 99999.0
20.0 17.0 244.05254649575
20.0 18.0 99999.0
20.0 19.0 99999.0
20.0 20.0 99999.0
20.0 21.0 99999.0
20.0 22.0 99999.0
21.0 1.0 411.558977699785
21.0 2.0 99999.0
21.0 3.0 99999.0
21.0 4.0 99999.0
21.0 5.0 99999.0
21.0 6.0 99999.0
21.0 7.0 99999.0
21.0 8.0 454.511388157468
21.0 9.0 99999.0
21.0 10.0 201.519604952323
21.0 11.0 99999.0
21.0 12.0 694.213196588725
21.0 13.0 99999.0
21.0 14.0 436.413113803372
21.0 15.0 99999.0
21.0 16.0 99999.0
21.0 17.0 99999.0
21.0 18.0 99999.0
21.0 19.0 423.953924879904
21.0 20.0 99999.0
21.0 21.0 99999.0
21.0 22.0 99999.0
22.0 1.0 99999.0
22.0 2.0 99999.0
22.0 3.0 99999.0
22.0 4.0 99999.0
22.0 5.0 508.0149146194
22.0 6.0 99999.0
22.0 7.0 596.130444288231
22.0 8.0 99999.0
22.0 9.0 99999.0
22.0 10.0 99999.0
22.0 11.0 348.634135330657
22.0 12.0 99999.0
22.0 13.0 99999.0
22.0 14.0 99999.0
22.0 15.0 99999.0
22.0 16.0 99999.0
22.0 17.0 633.725909341655
22.0 18.0 845.939216454774
22.0 19.0 99999.0
22.0 20.0 99999.0
22.0 21.0 99999.0
22.0 22.0 99999.0
