1.0 1.0 99999.0
1.0 2.0 449.1874
1.0 3.0 99999.0
1.0 4.0 99999.0
1.0 5.0 416.266
1.0 6.0 545.2978
1.0 7.0 99999.0
1.0 8.0 99999.0
1.0 9.0 99999.0
1.0 10.0 99999.0
1.0 11.0 99999.0
1.0 12.0 99999.0
1.0 13.0 316.7506
1.0 14.0 479.315
1.0 15.0 99999.0
1.0 16.0 99999.0
1.0 17.0 99999.0
1.0 18.0 99999.0
1.0 19.0 99999.0
1.0 20.0 99999.0
1.0 21.0 99999.0
1.0 22.0 99999.0
1.0 23.0 99999.0
1.0 24.0 99999.0
1.0 25.0 99999.0
1.0 26.0 99999.0
1.0 27.0 99999.0
1.0 28.0 99999.0
1.0 29.0 99999.0
1.0 30.0 99999.0
2.0 1.0 449.1874
2.0 2.0 99999.0
2.0 3.0 99999.0
2.0 4.0 99999.0
2.0 5.0 99999.0
2.0 6.0 99999.0
2.0 7.0 99999.0
2.0 8.0 99999.0
2.0 9.0 99999.0
2.0 10.0 503.8078
2.0 11.0 99999.0
2.0 12.0 99999.0
2.0 13.0 582.8365
2.0 14.0 311.0634
2.0 15.0 99999.0
2.0 16.0 99999.0
2.0 17.0 442.1213
2.0 18.0 99999.0
2.0 19.0 99999.0
2.0 20.0 99999.0
2.0 21.0 99999.0
2.0 22.0 99999.0
2.0 23.0 99999.0
2.0 24.0 99999.0
2.0 25.0 99999.0
2.0 26.0 99999.0
2.0 27.0 99999.0
2.0 28.0 99999.0
2.0 29.0 99999.0
2.0 30.0 99999.0
3.0 1.0 99999.0
3.0 2.0 99999.0
3.0 3.0 99999.0
3.0 4.0 99999.0
3.0 5.0 338.1302
3.0 6.0 449.6854
3.0 7.0 463.2332
3.0 8.0 99999.0
3.0 9.0 328.3234
3.0 10.0 99999.0
3.0 11.0 99999.0
3.0 12.0 99999.0
3.0 13.0 99999.0
3.0 14.0 99999.0
3.0 15.0 548.7355
3.0 16.0 99999.0
3.0 17.0 99999.0
3.0 18.0 99999.0
3.0 19.0 99999.0
3.0 20.0 99999.0
3.0 21.0 99999.0
3.0 22.0 99999.0
3.0 23.0 428.733
3.0 24.0 99999.0
3.0 25.0 99999.0
3.0 26.0 99999.0
3.0 27.0 99999.0
3.0 28.0 99999.0
3.0 29.0 99999.0
3.0 30.0 99999.0
4.0 1.0 99999.0
4.0 2.0 99999.0
4.0 3.0 99999.0
4.0 4.0 99999.0
4.0 5.0 99999.0
4.0 6.0 99999.0
4.0 7.0 99999.0
4.0 8.0 99999.0
4.0 9.0 99999.0
4.0 10.0 477.2548
4.0 11.0 99999.0
4.0 12.0 99999.0
4.0 13.0 99999.0
4.0 14.0 99999.0
4.0 15.0 99999.0
4.0 16.0 99999.0
4.0 17.0 550.5182
4.0 18.0 99999.0
4.0 19.0 99999.0
4.0 20.0 99999.0
4.0 21.0 99999.0
4.0 22.0 99999.0
4.0 23.0 99999.0
4.0 24.0 99999.0
4.0 25.0 99999.0
4.0 26.0 99999.0
4.0 27.0 99999.0
4.0 28.0 99999.0
4.0 29.0 506.3234
4.0 30.0 99999.0
5.0 1.0 416.266
5.0 2.0 99999.0
5.0 3.0 338.1302
5.0 4.0 99999.0
5.0 5.0 99999.0
5.0 6.0 364.5442
5.0 7.0 577.1837
5.0 8.0 99999.0
5.0 9.0 99999.0
5.0 10.0 99999.0
5.0 11.0 99999.0
5.0 12.0 99999.0
5.0 13.0 541.0961
5.0 14.0 99999.0
5.0 15.0 437.3794
5.0 16.0 99999.0
5.0 17.0 99999.0
5.0 18.0 99999.0
5.0 19.0 99999.0
5.0 20.0 99999.0
5.0 21.0 99999.0
5.0 22.0 99999.0
5.0 23.0 99999.0
5.0 24.0 99999.0
5.0 25.0 99999.0
5.0 26.0 99999.0
5.0 27.0 99999.0
5.0 28.0 99999.0
5.0 29.0 99999.0
5.0 30.0 595.1511
6.0 1.0 545.2978
6.0 2.0 99999.0
6.0 3.0 449.6854
6.0 4.0 99999.0
6.0 5.0 364.5442
6.0 6.0 99999.0
6.0 7.0 296.9246
6.0 8.0 99999.0
6.0 9.0 99999.0
6.0 10.0 99999.0
6.0 11.0 99999.0
6.0 12.0 99999.0
6.0 13.0 431.4462
6.0 14.0 99999.0
6.0 15.0 99999.0
6.0 16.0 99999.0
6.0 17.0 99999.0
6.0 18.0 99999.0
6.0 19.0 99999.0
6.0 20.0 99999.0
6.0 21.0 99999.0
6.0 22.0 99999.0
6.0 23.0 99999.0
6.0 24.0 99999.0
6.0 25.0 99999.0
6.0 26.0 99999.0
6.0 27.0 99999.0
6.0 28.0 99999.0
6.0 29.0 99999.0
6.0 30.0 258.7995
7.0 1.0 99999.0
7.0 2.0 99999.0
7.0 3.0 463.2332
7.0 4.0 99999.0
7.0 5.0 577.1837
7.0 6.0 296.9246
7.0 7.0 99999.0
7.0 8.0 99999.0
7.0 9.0 433.0547
7.0 10.0 99999.0
7.0 11.0 99999.0
7.0 12.0 99999.0
7.0 13.0 99999.0
7.0 14.0 99999.0
7.0 15.0 99999.0
7.0 16.0 99999.0
7.0 17.0 99999.0
7.0 18.0 99999.0
7.0 19.0 99999.0
7.0 20.0 99999.0
7.0 21.0 99999.0
7.0 22.0 99999.0
7.0 23.0 99999.0
7.0 24.0 99999.0
7.0 25.0 99999.0
7.0 26.0 99999.0
7.0 27.0 99999.0
7.0 28.0 99999.0
7.0 29.0 99999.0
7.0 30.0 407.0629
8.0 1.0 99999.0
8.0 2.0 99999.0
8.0 3.0 99999.0
8.0 4.0 99999.0
8.0 5.0 99999.0
8.0 6.0 99999.0
8.0 7.0 99999.0
8.0 8.0 99999.0
8.0 9.0 99999.0
8.0 10.0 99999.0
8.0 11.0 99999.0
8.0 12.0 530.1592
8.0 13.0 99999.0
8.0 14.0 99999.0
8.0 15.0 99999.0
8.0 16.0 268.8877
8.0 17.0 99999.0
8.0 18.0 498.5561
8.0 19.0 99999.0
8.0 20.0 99999.0
8.0 21.0 99999.0
8.0 22.0 450.1331
8.0 23.0 99999.0
8.0 24.0 99999.0
8.0 25.0 99999.0
8.0 26.0 99999.0
8.0 27.0 99999.0
8.0 28.0 99999.0
8.0 29.0 99999.0
8.0 30.0 99999.0
9.0 1.0 99999.0
9.0 2.0 99999.0
9.0 3.0 328.3234
9.0 4.0 99999.0
9.0 5.0 99999.0
9.0 6.0 99999.0
9.0 7.0 433.0547
9.0 8.0 99999.0
9.0 9.0 99999.0
9.0 10.0 99999.0
9.0 11.0 99999.0
9.0 12.0 99999.0
9.0 13.0 99999.0
9.0 14.0 99999.0
9.0 15.0 99999.0
9.0 16.0 99999.0
9.0 17.0 99999.0
9.0 18.0 99999.0
9.0 19.0 320.7134
9.0 20.0 99999.0
9.0 21.0 99999.0
9.0 22.0 99999.0
9.0 23.0 452.252
9.0 24.0 99999.0
9.0 25.0 99999.0
9.0 26.0 99999.0
9.0 27.0 99999.0
9.0 28.0 99999.0
9.0 29.0 99999.0
9.0 30.0 99999.0
10.0 1.0 99999.0
10.0 2.0 503.8078
10.0 3.0 99999.0
10.0 4.0 477.2548
10.0 5.0 99999.0
10.0 6.0 99999.0
10.0 7.0 99999.0
10.0 8.0 99999.0
10.0 9.0 99999.0
10.0 10.0 99999.0
10.0 11.0 459.9402
10.0 12.0 99999.0
10.0 13.0 99999.0
10.0 14.0 334.4935
10.0 15.0 99999.0
10.0 16.0 99999.0
10.0 17.0 352.5686
10.0 18.0 99999.0
10.0 19.0 99999.0
10.0 20.0 99999.0
10.0 21.0 99999.0
10.0 22.0 99999.0
10.0 23.0 99999.0
10.0 24.0 99999.0
10.0 25.0 99999.0
10.0 26.0 99999.0
10.0 27.0 99999.0
10.0 28.0 99999.0
10.0 29.0 464.0281
10.0 30.0 99999.0
11.0 1.0 99999.0
11.0 2.0 99999.0
11.0 3.0 99999.0
11.0 4.0 99999.0
11.0 5.0 99999.0
11.0 6.0 99999.0
11.0 7.0 99999.0
11.0 8.0 99999.0
11.0 9.0 99999.0
11.0 10.0 459.9402
11.0 11.0 99999.0
11.0 12.0 99999.0
11.0 13.0 99999.0
11.0 14.0 528.2188
11.0 15.0 99999.0
11.0 16.0 477.2569
11.0 17.0 99999.0
11.0 18.0 315.8409
11.0 19.0 99999.0
11.0 20.0 99999.0
11.0 21.0 99999.0
11.0 22.0 99999.0
11.0 23.0 99999.0
11.0 24.0 552.2324
11.0 25.0 99999.0
11.0 26.0 99999.0
11.0 27.0 99999.0
11.0 28.0 99999.0
11.0 29.0 281.6071
11.0 30.0 99999.0
12.0 1.0 99999.0
12.0 2.0 99999.0
12.0 3.0 99999.0
12.0 4.0 99999.0
12.0 5.0 99999.0
12.0 6.0 99999.0
12.0 7.0 99999.0
12.0 8.0 530.1592
12.0 9.0 99999.0
12.0 10.0 99999.0
12.0 11.0 99999.0
12.0 12.0 99999.0
12.0 13.0 99999.0
12.0 14.0 99999.0
12.0 15.0 99999.0
12.0 16.0 456.9191
12.0 17.0 99999.0
12.0 18.0 309.1911
12.0 19.0 99999.0
12.0 20.0 317.8843
12.0 21.0 99999.0
12.0 22.0 440.4898
12.0 23.0 99999.0
12.0 24.0 99999.0
12.0 25.0 99999.0
12.0 26.0 99999.0
12.0 27.0 99999.0
12.0 28.0 99999.0
12.0 29.0 99999.0
12.0 30.0 99999.0
13.0 1.0 316.7506
13.0 2.0 582.8365
13.0 3.0 99999.0
13.0 4.0 99999.0
13.0 5.0 541.0961
13.0 6.0 431.4462
13.0 7.0 99999.0
13.0 8.0 99999.0
13.0 9.0 99999.0
13.0 10.0 99999.0
13.0 11.0 99999.0
13.0 12.0 99999.0
13.0 13.0 99999.0
13.0 14.0 99999.0
13.0 15.0 99999.0
13.0 16.0 99999.0
13.0 17.0 99999.0
13.0 18.0 99999.0
13.0 19.0 99999.0
13.0 20.0 99999.0
13.0 21.0 99999.0
13.0 22.0 99999.0
13.0 23.0 99999.0
13.0 24.0 99999.0
13.0 25.0 99999.0
13.0 26.0 99999.0
13.0 27.0 99999.0
13.0 28.0 99999.0
13.0 29.0 99999.0
13.0 30.0 374.6192
14.0 1.0 479.315
14.0 2.0 311.0634
14.0 3.0 99999.0
14.0 4.0 99999.0
14.0 5.0 99999.0
14.0 6.0 99999.0
14.0 7.0 99999.0
14.0 8.0 99999.0
14.0 9.0 99999.0
14.0 10.0 334.4935
14.0 11.0 528.2188
14.0 12.0 99999.0
14.0 13.0 99999.0
14.0 14.0 99999.0
14.0 15.0 820.2554
14.0 16.0 99999.0
14.0 17.0 511.2219
14.0 18.0 99999.0
14.0 19.0 99999.0
14.0 20.0 99999.0
14.0 21.0 99999.0
14.0 22.0 99999.0
14.0 23.0 99999.0
14.0 24.0 99999.0
14.0 25.0 99999.0
14.0 26.0 99999.0
14.0 27.0 99999.0
14.0 28.0 99999.0
14.0 29.0 99999.0
14.0 30.0 99999.0
15.0 1.0 99999.0
15.0 2.0 99999.0
15.0 3.0 548.7355
15.0 4.0 99999.0
15.0 5.0 437.3794
15.0 6.0 99999.0
15.0 7.0 99999.0
15.0 8.0 99999.0
15.0 9.0 99999.0
15.0 10.0 99999.0
15.0 11.0 99999.0
15.0 12.0 99999.0
15.0 13.0 99999.0
15.0 14.0 820.2554
15.0 15.0 99999.0
15.0 16.0 99999.0
15.0 17.0 99999.0
15.0 18.0 99999.0
15.0 19.0 99999.0
15.0 20.0 465.2333
15.0 21.0 99999.0
15.0 22.0 99999.0
15.0 23.0 99999.0
15.0 24.0 99999.0
15.0 25.0 313.6952
15.0 26.0 99999.0
15.0 27.0 99999.0
15.0 28.0 99999.0
15.0 29.0 99999.0
15.0 30.0 99999.0
16.0 1.0 99999.0
16.0 2.0 99999.0
16.0 3.0 99999.0
16.0 4.0 99999.0
16.0 5.0 99999.0
16.0 6.0 99999.0
16.0 7.0 99999.0
16.0 8.0 268.8877
16.0 9.0 99999.0
16.0 10.0 99999.0
16.0 11.0 477.2569
16.0 12.0 456.9191
16.0 13.0 99999.0
16.0 14.0 99999.0
16.0 15.0 99999.0
16.0 16.0 99999.0
16.0 17.0 99999.0
16.0 18.0 278.0395
16.0 19.0 99999.0
16.0 20.0 99999.0
16.0 21.0 99999.0
16.0 22.0 99999.0
16.0 23.0 99999.0
16.0 24.0 439.0067
16.0 25.0 99999.0
16.0 26.0 99999.0
16.0 27.0 99999.0
16.0 28.0 99999.0
16.0 29.0 532.7057
16.0 30.0 99999.0
17.0 1.0 99999.0
17.0 2.0 442.1213
17.0 3.0 99999.0
17.0 4.0 550.5182
17.0 5.0 99999.0
17.0 6.0 99999.0
17.0 7.0 99999.0
17.0 8.0 99999.0
17.0 9.0 99999.0
17.0 10.0 352.5686
17.0 11.0 99999.0
17.0 12.0 99999.0
17.0 13.0 99999.0
17.0 14.0 511.2219
17.0 15.0 99999.0
17.0 16.0 99999.0
17.0 17.0 99999.0
17.0 18.0 99999.0
17.0 19.0 99999.0
17.0 20.0 99999.0
17.0 21.0 99999.0
17.0 22.0 99999.0
17.0 23.0 99999.0
17.0 24.0 99999.0
17.0 25.0 99999.0
17.0 26.0 99999.0
17.0 27.0 99999.0
17.0 28.0 99999.0
17.0 29.0 99999.0
17.0 30.0 99999.0
18.0 1.0 99999.0
18.0 2.0 99999.0
18.0 3.0 99999.0
18.0 4.0 99999.0
18.0 5.0 99999.0
18.0 6.0 99999.0
18.0 7.0 99999.0
18.0 8.0 498.5561
18.0 9.0 99999.0
18.0 10.0 99999.0
18.0 11.0 315.8409
18.0 12.0 309.1911
18.0 13.0 99999.0
18.0 14.0 99999.0
18.0 15.0 99999.0
18.0 16.0 278.0395
18.0 17.0 99999.0
18.0 18.0 99999.0
18.0 19.0 99999.0
18.0 20.0 591.8393
18.0 21.0 99999.0
18.0 22.0 99999.0
18.0 23.0 99999.0
18.0 24.0 99999.0
18.0 25.0 99999.0
18.0 26.0 99999.0
18.0 27.0 99999.0
18.0 28.0 99999.0
18.0 29.0 514.887
18.0 30.0 99999.0
19.0 1.0 99999.0
19.0 2.0 99999.0
19.0 3.0 99999.0
19.0 4.0 99999.0
19.0 5.0 99999.0
19.0 6.0 99999.0
19.0 7.0 99999.0
19.0 8.0 99999.0
19.0 9.0 320.7134
19.0 10.0 99999.0
19.0 11.0 99999.0
19.0 12.0 99999.0
19.0 13.0 99999.0
19.0 14.0 99999.0
19.0 15.0 99999.0
19.0 16.0 99999.0
19.0 17.0 99999.0
19.0 18.0 99999.0
19.0 19.0 99999.0
19.0 20.0 99999.0
19.0 21.0 99999.0
19.0 22.0 99999.0
19.0 23.0 521.4303
19.0 24.0 99999.0
19.0 25.0 99999.0
19.0 26.0 99999.0
19.0 27.0 99999.0
19.0 28.0 648.1918
19.0 29.0 99999.0
19.0 30.0 99999.0
20.0 1.0 99999.0
20.0 2.0 99999.0
20.0 3.0 99999.0
20.0 4.0 99999.0
20.0 5.0 99999.0
20.0 6.0 99999.0
20.0 7.0 99999.0
20.0 8.0 99999.0
20.0 9.0 99999.0
20.0 10.0 99999.0
20.0 11.0 99999.0
20.0 12.0 317.8843
20.0 13.0 99999.0
20.0 14.0 99999.0
20.0 15.0 465.2333
20.0 16.0 99999.0
20.0 17.0 99999.0
20.0 18.0 591.8393
20.0 19.0 99999.0
20.0 20.0 99999.0
20.0 21.0 99999.0
20.0 22.0 574.9925
20.0 23.0 99999.0
20.0 24.0 99999.0
20.0 25.0 350.6708
20.0 26.0 407.1607
20.0 27.0 507.9595
20.0 28.0 99999.0
20.0 29.0 99999.0
20.0 30.0 99999.0
21.0 1.0 99999.0
21.0 2.0 99999.0
21.0 3.0 99999.0
21.0 4.0 99999.0
21.0 5.0 99999.0
21.0 6.0 99999.0
21.0 7.0 99999.0
21.0 8.0 99999.0
21.0 9.0 99999.0
21.0 10.0 99999.0
21.0 11.0 99999.0
21.0 12.0 99999.0
21.0 13.0 99999.0
21.0 14.0 99999.0
21.0 15.0 99999.0
21.0 16.0 99999.0
21.0 17.0 99999.0
21.0 18.0 99999.0
21.0 19.0 99999.0
21.0 20.0 99999.0
21.0 21.0 99999.0
21.0 22.0 99999.0
21.0 23.0 99999.0
21.0 24.0 99999.0
21.0 25.0 99999.0
21.0 26.0 304.23
21.0 27.0 253.3706
21.0 28.0 661.1781
21.0 29.0 99999.0
21.0 30.0 99999.0
22.0 1.0 99999.0
22.0 2.0 99999.0
22.0 3.0 99999.0
22.0 4.0 99999.0
22.0 5.0 99999.0
22.0 6.0 99999.0
22.0 7.0 99999.0
22.0 8.0 450.1331
22.0 9.0 99999.0
22.0 10.0 99999.0
22.0 11.0 99999.0
22.0 12.0 440.4898
22.0 13.0 99999.0
22.0 14.0 99999.0
22.0 15.0 99999.0
22.0 16.0 99999.0
22.0 17.0 99999.0
22.0 18.0 99999.0
22.0 19.0 99999.0
22.0 20.0 574.9925
22.0 21.0 99999.0
22.0 22.0 99999.0
22.0 23.0 99999.0
22.0 24.0 99999.0
22.0 25.0 99999.0
22.0 26.0 99999.0
22.0 27.0 99999.0
22.0 28.0 99999.0
22.0 29.0 99999.0
22.0 30.0 99999.0
23.0 1.0 99999.0
23.0 2.0 99999.0
23.0 3.0 428.733
23.0 4.0 99999.0
23.0 5.0 99999.0
23.0 6.0 99999.0
23.0 7.0 99999.0
23.0 8.0 99999.0
23.0 9.0 452.252
23.0 10.0 99999.0
23.0 11.0 99999.0
23.0 12.0 99999.0
23.0 13.0 99999.0
23.0 14.0 99999.0
23.0 15.0 99999.0
23.0 16.0 99999.0
23.0 17.0 99999.0
23.0 18.0 99999.0
23.0 19.0 521.4303
23.0 20.0 99999.0
23.0 21.0 99999.0
23.0 22.0 99999.0
23.0 23.0 99999.0
23.0 24.0 99999.0
23.0 25.0 517.9626
23.0 26.0 99999.0
23.0 27.0 99999.0
23.0 28.0 407.9118
23.0 29.0 99999.0
23.0 30.0 99999.0
24.0 1.0 99999.0
24.0 2.0 99999.0
24.0 3.0 99999.0
24.0 4.0 99999.0
24.0 5.0 99999.0
24.0 6.0 99999.0
24.0 7.0 99999.0
24.0 8.0 99999.0
24.0 9.0 99999.0
24.0 10.0 99999.0
24.0 11.0 552.2324
24.0 12.0 99999.0
24.0 13.0 99999.0
24.0 14.0 99999.0
24.0 15.0 99999.0
24.0 16.0 439.0067
24.0 17.0 99999.0
24.0 18.0 99999.0
24.0 19.0 99999.0
24.0 20.0 99999.0
24.0 21.0 99999.0
24.0 22.0 99999.0
24.0 23.0 99999.0
24.0 24.0 99999.0
24.0 25.0 99999.0
24.0 26.0 99999.0
24.0 27.0 99999.0
24.0 28.0 99999.0
24.0 29.0 360.6948
24.0 30.0 99999.0
25.0 1.0 99999.0
25.0 2.0 99999.0
25.0 3.0 99999.0
25.0 4.0 99999.0
25.0 5.0 99999.0
25.0 6.0 99999.0
25.0 7.0 99999.0
25.0 8.0 99999.0
25.0 9.0 99999.0
25.0 10.0 99999.0
25.0 11.0 99999.0
25.0 12.0 99999.0
25.0 13.0 99999.0
25.0 14.0 99999.0
25.0 15.0 313.6952
25.0 16.0 99999.0
25.0 17.0 99999.0
25.0 18.0 99999.0
25.0 19.0 99999.0
25.0 20.0 350.6708
25.0 21.0 99999.0
25.0 22.0 99999.0
25.0 23.0 517.9626
25.0 24.0 99999.0
25.0 25.0 99999.0
25.0 26.0 411.5479
25.0 27.0 567.4355
25.0 28.0 733.7124
25.0 29.0 99999.0
25.0 30.0 99999.0
26.0 1.0 99999.0
26.0 2.0 99999.0
26.0 3.0 99999.0
26.0 4.0 99999.0
26.0 5.0 99999.0
26.0 6.0 99999.0
26.0 7.0 99999.0
26.0 8.0 99999.0
26.0 9.0 99999.0
26.0 10.0 99999.0
26.0 11.0 99999.0
26.0 12.0 99999.0
26.0 13.0 99999.0
26.0 14.0 99999.0
26.0 15.0 99999.0
26.0 16.0 99999.0
26.0 17.0 99999.0
26.0 18.0 99999.0
26.0 19.0 99999.0
26.0 20.0 407.1607
26.0 21.0 304.23
26.0 22.0 99999.0
26.0 23.0 99999.0
26.0 24.0 99999.0
26.0 25.0 411.5479
26.0 26.0 99999.0
26.0 27.0 156.8037
26.0 28.0 99999.0
26.0 29.0 99999.0
26.0 30.0 99999.0
27.0 1.0 99999.0
27.0 2.0 99999.0
27.0 3.0 99999.0
27.0 4.0 99999.0
27.0 5.0 99999.0
27.0 6.0 99999.0
27.0 7.0 99999.0
27.0 8.0 99999.0
27.0 9.0 99999.0
27.0 10.0 99999.0
27.0 11.0 99999.0
27.0 12.0 99999.0
27.0 13.0 99999.0
27.0 14.0 99999.0
27.0 15.0 99999.0
27.0 16.0 99999.0
27.0 17.0 99999.0
27.0 18.0 99999.0
27.0 19.0 99999.0
27.0 20.0 507.9595
27.0 21.0 253.3706
27.0 22.0 99999.0
27.0 23.0 99999.0
27.0 24.0 99999.0
27.0 25.0 567.4355
27.0 26.0 156.8037
27.0 27.0 99999.0
27.0 28.0 99999.0
27.0 29.0 99999.0
27.0 30.0 99999.0
28.0 1.0 99999.0
28.0 2.0 99999.0
28.0 3.0 99999.0
28.0 4.0 99999.0
28.0 5.0 99999.0
28.0 6.0 99999.0
28.0 7.0 99999.0
28.0 8.0 99999.0
28.0 9.0 99999.0
28.0 10.0 99999.0
28.0 11.0 99999.0
28.0 12.0 99999.0
28.0 13.0 99999.0
28.0 14.0 99999.0
28.0 15.0 99999.0
28.0 16.0 99999.0
28.0 17.0 99999.0
28.0 18.0 99999.0
28.0 19.0 648.1918
28.0 20.0 99999.0
28.0 21.0 661.1781
28.0 22.0 99999.0
28.0 23.0 407.9118
28.0 24.0 99999.0
28.0 25.0 733.7124
28.0 26.0 99999.0
28.0 27.0 99999.0
28.0 28.0 99999.0
28.0 29.0 99999.0
28.0 30.0 99999.0
29.0 1.0 99999.0
29.0 2.0 99999.0
29.0 3.0 99999.0
29.0 4.0 506.3234
29.0 5.0 99999.0
29.0 6.0 99999.0
29.0 7.0 99999.0
29.0 8.0 99999.0
29.0 9.0 99999.0
29.0 10.0 464.0281
29.0 11.0 281.6071
29.0 12.0 99999.0
29.0 13.0 99999.0
29.0 14.0 99999.0
29.0 15.0 99999.0
29.0 16.0 532.7057
29.0 17.0 99999.0
29.0 18.0 514.887
29.0 19.0 99999.0
29.0 20.0 99999.0
29.0 21.0 99999.0
29.0 22.0 99999.0
29.0 23.0 99999.0
29.0 24.0 360.6948
29.0 25.0 99999.0
29.0 26.0 99999.0
29.0 27.0 99999.0
29.0 28.0 99999.0
29.0 29.0 99999.0
29.0 30.0 99999.0
30.0 1.0 99999.0
30.0 2.0 99999.0
30.0 3.0 99999.0
30.0 4.0 99999.0
30.0 5.0 595.1511
30.0 6.0 258.7995
30.0 7.0 407.0629
30.0 8.0 99999.0
30.0 9.0 99999.0
30.0 10.0 99999.0
30.0 11.0 99999.0
30.0 12.0 99999.0
30.0 13.0 374.6192
30.0 14.0 99999.0
30.0 15.0 99999.0
30.0 16.0 99999.0
30.0 17.0 99999.0
30.0 18.0 99999.0
30.0 19.0 99999.0
30.0 20.0 99999.0
30.0 21.0 99999.0
30.0 22.0 99999.0
30.0 23.0 99999.0
30.0 24.0 99999.0
30.0 25.0 99999.0
30.0 26.0 99999.0
30.0 27.0 99999.0
30.0 28.0 99999.0
30.0 29.0 99999.0
30.0 30.0 99999.0
