1 1 565675.0 565675.0 -1.0
1 2 565675.0 565621.0 -1.0
1 3 565675.0 565667.0 -1.0
1 4 565675.0 567510.0 -1.0
1 5 565675.0 565801.0 -1.0
1 6 565675.0 566010.0 -1.0
1 7 565675.0 567891.0 -1.0
1 8 565675.0 565492.0 -1.0
1 9 565675.0 565558.0 -1.0
1 10 565675.0 565627.0 -1.0
1 11 565675.0 565572.0 -1.0
1 12 565675.0 565610.0 -1.0
1 13 565675.0 565859.0 -1.0
1 14 565675.0 565630.0 -1.0
1 15 565675.0 565559.0 -1.0
1 16 565675.0 565845.0 -1.0
1 17 565675.0 565527.0 -1.0
1 18 565675.0 565633.0 -1.0
1 19 565675.0 565496.0 -1.0
1 20 565675.0 565865.0 -1.0
1 21 565675.0 565773.0 -1.0
1 22 565675.0 567531.0 -1.0
1 23 565675.0 565516.0 548.735480672062
1 24 565675.0 565393.0 -1.0
1 25 565675.0 565753.0 -1.0
1 26 565675.0 33566.0 -1.0
1 27 565675.0 566074.0 -1.0
1 28 565675.0 565648.0 820.255349436466
1 29 565675.0 567526.0 -1.0
1 30 565675.0 565551.0 437.379391565606
1 31 565675.0 565631.0 -1.0
1 32 565675.0 565608.0 -1.0
1 33 565675.0 567500.0 313.695201226318
1 34 565675.0 565531.0 -1.0
1 35 565675.0 565562.0 -1.0
1 36 565675.0 32788.0 -1.0
1 37 565675.0 567497.0 -1.0
1 38 565675.0 566316.0 -1.0
1 39 565675.0 568056.0 -1.0
1 40 565675.0 565964.0 -1.0
1 41 565675.0 567618.0 -1.0
1 42 565675.0 565898.0 465.233276507066
2 1 565621.0 565675.0 -1.0
2 2 565621.0 565621.0 -1.0
2 3 565621.0 565667.0 -1.0
2 4 565621.0 567510.0 -1.0
2 5 565621.0 565801.0 -1.0
2 6 565621.0 566010.0 -1.0
2 7 565621.0 567891.0 -1.0
2 8 565621.0 565492.0 -1.0
2 9 565621.0 565558.0 -1.0
2 10 565621.0 565627.0 -1.0
2 11 565621.0 565572.0 -1.0
2 12 565621.0 565610.0 -1.0
2 13 565621.0 565859.0 -1.0
2 14 565621.0 565630.0 459.940254872711
2 15 565621.0 565559.0 -1.0
2 16 565621.0 565845.0 -1.0
2 17 565621.0 565527.0 -1.0
2 18 565621.0 565633.0 -1.0
2 19 565621.0 565496.0 503.80776132465
2 20 565621.0 565865.0 -1.0
2 21 565621.0 565773.0 352.568602155258
2 22 565621.0 567531.0 -1.0
2 23 565621.0 565516.0 -1.0
2 24 565621.0 565393.0 -1.0
2 25 565621.0 565753.0 -1.0
2 26 565621.0 33566.0 -1.0
2 27 565621.0 566074.0 -1.0
2 28 565621.0 565648.0 334.493476200514
2 29 565621.0 567526.0 -1.0
2 30 565621.0 565551.0 -1.0
2 31 565621.0 565631.0 -1.0
2 32 565621.0 565608.0 524.938590122655
2 33 565621.0 567500.0 -1.0
2 34 565621.0 565531.0 477.254805820644
2 35 565621.0 565562.0 -1.0
2 36 565621.0 32788.0 -1.0
2 37 565621.0 567497.0 -1.0
2 38 565621.0 566316.0 -1.0
2 39 565621.0 568056.0 -1.0
2 40 565621.0 565964.0 -1.0
2 41 565621.0 567618.0 464.028122480497
2 42 565621.0 565898.0 -1.0
3 1 565667.0 565675.0 -1.0
3 2 565667.0 565621.0 -1.0
3 3 565667.0 565667.0 -1.0
3 4 565667.0 567510.0 -1.0
3 5 565667.0 565801.0 -1.0
3 6 565667.0 566010.0 -1.0
3 7 565667.0 567891.0 -1.0
3 8 565667.0 565492.0 -1.0
3 9 565667.0 565558.0 -1.0
3 10 565667.0 565627.0 -1.0
3 11 565667.0 565572.0 -1.0
3 12 565667.0 565610.0 -1.0
3 13 565667.0 565859.0 -1.0
3 14 565667.0 565630.0 -1.0
3 15 565667.0 565559.0 -1.0
3 16 565667.0 565845.0 -1.0
3 17 565667.0 565527.0 457.225920966549
3 18 565667.0 565633.0 552.279771495332
3 19 565667.0 565496.0 -1.0
3 20 565667.0 565865.0 -1.0
3 21 565667.0 565773.0 -1.0
3 22 565667.0 567531.0 -1.0
3 23 565667.0 565516.0 -1.0
3 24 565667.0 565393.0 -1.0
3 25 565667.0 565753.0 -1.0
3 26 565667.0 33566.0 -1.0
3 27 565667.0 566074.0 -1.0
3 28 565667.0 565648.0 -1.0
3 29 565667.0 567526.0 -1.0
3 30 565667.0 565551.0 -1.0
3 31 565667.0 565631.0 -1.0
3 32 565667.0 565608.0 -1.0
3 33 565667.0 567500.0 -1.0
3 34 565667.0 565531.0 -1.0
3 35 565667.0 565562.0 -1.0
3 36 565667.0 32788.0 -1.0
3 37 565667.0 567497.0 -1.0
3 38 565667.0 566316.0 -1.0
3 39 565667.0 568056.0 344.312394568152
3 40 565667.0 565964.0 -1.0
3 41 565667.0 567618.0 -1.0
3 42 565667.0 565898.0 -1.0
4 1 567510.0 565675.0 -1.0
4 2 567510.0 565621.0 -1.0
4 3 567510.0 565667.0 -1.0
4 4 567510.0 567510.0 -1.0
4 5 567510.0 565801.0 -1.0
4 6 567510.0 566010.0 -1.0
4 7 567510.0 567891.0 -1.0
4 8 567510.0 565492.0 -1.0
4 9 567510.0 565558.0 -1.0
4 10 567510.0 565627.0 -1.0
4 11 567510.0 565572.0 -1.0
4 12 567510.0 565610.0 -1.0
4 13 567510.0 565859.0 -1.0
4 14 567510.0 565630.0 -1.0
4 15 567510.0 565559.0 -1.0
4 16 567510.0 565845.0 -1.0
4 17 567510.0 565527.0 -1.0
4 18 567510.0 565633.0 -1.0
4 19 567510.0 565496.0 -1.0
4 20 567510.0 565865.0 -1.0
4 21 567510.0 565773.0 -1.0
4 22 567510.0 567531.0 -1.0
4 23 567510.0 565516.0 -1.0
4 24 567510.0 565393.0 -1.0
4 25 567510.0 565753.0 -1.0
4 26 567510.0 33566.0 -1.0
4 27 567510.0 566074.0 -1.0
4 28 567510.0 565648.0 -1.0
4 29 567510.0 567526.0 156.803718374839
4 30 567510.0 565551.0 -1.0
4 31 567510.0 565631.0 -1.0
4 32 567510.0 565608.0 -1.0
4 33 567510.0 567500.0 411.547948368936
4 34 567510.0 565531.0 -1.0
4 35 567510.0 565562.0 -1.0
4 36 567510.0 32788.0 -1.0
4 37 567510.0 567497.0 -1.0
4 38 567510.0 566316.0 -1.0
4 39 567510.0 568056.0 -1.0
4 40 567510.0 565964.0 304.230042968592
4 41 567510.0 567618.0 -1.0
4 42 567510.0 565898.0 407.160700326008
5 1 565801.0 565675.0 -1.0
5 2 565801.0 565621.0 -1.0
5 3 565801.0 565667.0 -1.0
5 4 565801.0 567510.0 -1.0
5 5 565801.0 565801.0 -1.0
5 6 565801.0 566010.0 -1.0
5 7 565801.0 567891.0 -1.0
5 8 565801.0 565492.0 -1.0
5 9 565801.0 565558.0 -1.0
5 10 565801.0 565627.0 -1.0
5 11 565801.0 565572.0 -1.0
5 12 565801.0 565610.0 -1.0
5 13 565801.0 565859.0 -1.0
5 14 565801.0 565630.0 315.84085105687
5 15 565801.0 565559.0 -1.0
5 16 565801.0 565845.0 -1.0
5 17 565801.0 565527.0 -1.0
5 18 565801.0 565633.0 -1.0
5 19 565801.0 565496.0 -1.0
5 20 565801.0 565865.0 -1.0
5 21 565801.0 565773.0 -1.0
5 22 565801.0 567531.0 -1.0
5 23 565801.0 565516.0 -1.0
5 24 565801.0 565393.0 -1.0
5 25 565801.0 565753.0 278.039501363112
5 26 565801.0 33566.0 -1.0
5 27 565801.0 566074.0 -1.0
5 28 565801.0 565648.0 -1.0
5 29 565801.0 567526.0 -1.0
5 30 565801.0 565551.0 -1.0
5 31 565801.0 565631.0 309.191064894067
5 32 565801.0 565608.0 -1.0
5 33 565801.0 567500.0 -1.0
5 34 565801.0 565531.0 -1.0
5 35 565801.0 565562.0 498.556100665509
5 36 565801.0 32788.0 -1.0
5 37 565801.0 567497.0 -1.0
5 38 565801.0 566316.0 -1.0
5 39 565801.0 568056.0 -1.0
5 40 565801.0 565964.0 -1.0
5 41 565801.0 567618.0 514.88699219213
5 42 565801.0 565898.0 591.839318569428
6 1 566010.0 565675.0 -1.0
6 2 566010.0 565621.0 -1.0
6 3 566010.0 565667.0 -1.0
6 4 566010.0 567510.0 -1.0
6 5 566010.0 565801.0 -1.0
6 6 566010.0 566010.0 -1.0
6 7 566010.0 567891.0 -1.0
6 8 566010.0 565492.0 -1.0
6 9 566010.0 565558.0 -1.0
6 10 566010.0 565627.0 -1.0
6 11 566010.0 565572.0 -1.0
6 12 566010.0 565610.0 -1.0
6 13 566010.0 565859.0 -1.0
6 14 566010.0 565630.0 -1.0
6 15 566010.0 565559.0 -1.0
6 16 566010.0 565845.0 403.433415507219
6 17 566010.0 565527.0 -1.0
6 18 566010.0 565633.0 -1.0
6 19 566010.0 565496.0 -1.0
6 20 566010.0 565865.0 -1.0
6 21 566010.0 565773.0 -1.0
6 22 566010.0 567531.0 -1.0
6 23 566010.0 565516.0 -1.0
6 24 566010.0 565393.0 -1.0
6 25 566010.0 565753.0 -1.0
6 26 566010.0 33566.0 -1.0
6 27 566010.0 566074.0 -1.0
6 28 566010.0 565648.0 -1.0
6 29 566010.0 567526.0 -1.0
6 30 566010.0 565551.0 -1.0
6 31 566010.0 565631.0 440.489813126602
6 32 566010.0 565608.0 -1.0
6 33 566010.0 567500.0 -1.0
6 34 566010.0 565531.0 -1.0
6 35 566010.0 565562.0 450.133049091456
6 36 566010.0 32788.0 -1.0
6 37 566010.0 567497.0 -1.0
6 38 566010.0 566316.0 -1.0
6 39 566010.0 568056.0 -1.0
6 40 566010.0 565964.0 -1.0
6 41 566010.0 567618.0 -1.0
6 42 566010.0 565898.0 574.992519897826
7 1 567891.0 565675.0 -1.0
7 2 567891.0 565621.0 -1.0
7 3 567891.0 565667.0 -1.0
7 4 567891.0 567510.0 -1.0
7 5 567891.0 565801.0 -1.0
7 6 567891.0 566010.0 -1.0
7 7 567891.0 567891.0 -1.0
7 8 567891.0 565492.0 -1.0
7 9 567891.0 565558.0 258.799482981214
7 10 567891.0 565627.0 323.749437672883
7 11 567891.0 565572.0 -1.0
7 12 567891.0 565610.0 -1.0
7 13 567891.0 565859.0 -1.0
7 14 567891.0 565630.0 -1.0
7 15 567891.0 565559.0 407.062852724014
7 16 567891.0 565845.0 -1.0
7 17 567891.0 565527.0 -1.0
7 18 567891.0 565633.0 374.619230361425
7 19 567891.0 565496.0 -1.0
7 20 567891.0 565865.0 -1.0
7 21 567891.0 565773.0 -1.0
7 22 567891.0 567531.0 -1.0
7 23 567891.0 565516.0 -1.0
7 24 567891.0 565393.0 -1.0
7 25 567891.0 565753.0 -1.0
7 26 567891.0 33566.0 -1.0
7 27 567891.0 566074.0 -1.0
7 28 567891.0 565648.0 -1.0
7 29 567891.0 567526.0 -1.0
7 30 567891.0 565551.0 595.151094073438
7 31 567891.0 565631.0 -1.0
7 32 567891.0 565608.0 -1.0
7 33 567891.0 567500.0 -1.0
7 34 567891.0 565531.0 -1.0
7 35 567891.0 565562.0 -1.0
7 36 567891.0 32788.0 -1.0
7 37 567891.0 567497.0 -1.0
7 38 567891.0 566316.0 390.412351107936
7 39 567891.0 568056.0 410.077100570846
7 40 567891.0 565964.0 -1.0
7 41 567891.0 567618.0 -1.0
7 42 567891.0 565898.0 -1.0
8 1 565492.0 565675.0 -1.0
8 2 565492.0 565621.0 -1.0
8 3 565492.0 565667.0 -1.0
8 4 565492.0 567510.0 -1.0
8 5 565492.0 565801.0 -1.0
8 6 565492.0 566010.0 -1.0
8 7 565492.0 567891.0 -1.0
8 8 565492.0 565492.0 -1.0
8 9 565492.0 565558.0 545.297811980345
8 10 565492.0 565627.0 -1.0
8 11 565492.0 565572.0 -1.0
8 12 565492.0 565610.0 -1.0
8 13 565492.0 565859.0 -1.0
8 14 565492.0 565630.0 -1.0
8 15 565492.0 565559.0 -1.0
8 16 565492.0 565845.0 -1.0
8 17 565492.0 565527.0 510.33570198958
8 18 565492.0 565633.0 316.750648319649
8 19 565492.0 565496.0 449.187401187726
8 20 565492.0 565865.0 -1.0
8 21 565492.0 565773.0 -1.0
8 22 565492.0 567531.0 -1.0
8 23 565492.0 565516.0 -1.0
8 24 565492.0 565393.0 -1.0
8 25 565492.0 565753.0 -1.0
8 26 565492.0 33566.0 -1.0
8 27 565492.0 566074.0 -1.0
8 28 565492.0 565648.0 479.314976946387
8 29 565492.0 567526.0 -1.0
8 30 565492.0 565551.0 416.266033308458
8 31 565492.0 565631.0 -1.0
8 32 565492.0 565608.0 -1.0
8 33 565492.0 567500.0 -1.0
8 34 565492.0 565531.0 -1.0
8 35 565492.0 565562.0 -1.0
8 36 565492.0 32788.0 -1.0
8 37 565492.0 567497.0 -1.0
8 38 565492.0 566316.0 -1.0
8 39 565492.0 568056.0 -1.0
8 40 565492.0 565964.0 -1.0
8 41 565492.0 567618.0 -1.0
8 42 565492.0 565898.0 -1.0
9 1 565558.0 565675.0 -1.0
9 2 565558.0 565621.0 -1.0
9 3 565558.0 565667.0 -1.0
9 4 565558.0 567510.0 -1.0
9 5 565558.0 565801.0 -1.0
9 6 565558.0 566010.0 -1.0
9 7 565558.0 567891.0 258.799482981214
9 8 565558.0 565492.0 545.297811980345
9 9 565558.0 565558.0 -1.0
9 10 565558.0 565627.0 526.171591154133
9 11 565558.0 565572.0 -1.0
9 12 565558.0 565610.0 -1.0
9 13 565558.0 565859.0 -1.0
9 14 565558.0 565630.0 -1.0
9 15 565558.0 565559.0 296.92459314219
9 16 565558.0 565845.0 -1.0
9 17 565558.0 565527.0 -1.0
9 18 565558.0 565633.0 431.446170953417
9 19 565558.0 565496.0 -1.0
9 20 565558.0 565865.0 -1.0
9 21 565558.0 565773.0 -1.0
9 22 565558.0 567531.0 -1.0
9 23 565558.0 565516.0 449.685429499157
9 24 565558.0 565393.0 -1.0
9 25 565558.0 565753.0 -1.0
9 26 565558.0 33566.0 -1.0
9 27 565558.0 566074.0 -1.0
9 28 565558.0 565648.0 -1.0
9 29 565558.0 567526.0 -1.0
9 30 565558.0 565551.0 364.544149001128
9 31 565558.0 565631.0 -1.0
9 32 565558.0 565608.0 -1.0
9 33 565558.0 567500.0 -1.0
9 34 565558.0 565531.0 -1.0
9 35 565558.0 565562.0 -1.0
9 36 565558.0 32788.0 -1.0
9 37 565558.0 567497.0 -1.0
9 38 565558.0 566316.0 421.398143524038
9 39 565558.0 568056.0 -1.0
9 40 565558.0 565964.0 -1.0
9 41 565558.0 567618.0 -1.0
9 42 565558.0 565898.0 -1.0
10 1 565627.0 565675.0 -1.0
10 2 565627.0 565621.0 -1.0
10 3 565627.0 565667.0 -1.0
10 4 565627.0 567510.0 -1.0
10 5 565627.0 565801.0 -1.0
10 6 565627.0 566010.0 -1.0
10 7 565627.0 567891.0 323.749437672883
10 8 565627.0 565492.0 -1.0
10 9 565627.0 565558.0 526.171591154133
10 10 565627.0 565627.0 -1.0
10 11 565627.0 565572.0 -1.0
10 12 565627.0 565610.0 -1.0
10 13 565627.0 565859.0 -1.0
10 14 565627.0 565630.0 -1.0
10 15 565627.0 565559.0 484.185666986381
10 16 565627.0 565845.0 -1.0
10 17 565627.0 565527.0 -1.0
10 18 565627.0 565633.0 -1.0
10 19 565627.0 565496.0 -1.0
10 20 565627.0 565865.0 -1.0
10 21 565627.0 565773.0 -1.0
10 22 565627.0 567531.0 -1.0
10 23 565627.0 565516.0 -1.0
10 24 565627.0 565393.0 -1.0
10 25 565627.0 565753.0 -1.0
10 26 565627.0 33566.0 -1.0
10 27 565627.0 566074.0 -1.0
10 28 565627.0 565648.0 -1.0
10 29 565627.0 567526.0 -1.0
10 30 565627.0 565551.0 -1.0
10 31 565627.0 565631.0 -1.0
10 32 565627.0 565608.0 -1.0
10 33 565627.0 567500.0 -1.0
10 34 565627.0 565531.0 -1.0
10 35 565627.0 565562.0 -1.0
10 36 565627.0 32788.0 -1.0
10 37 565627.0 567497.0 -1.0
10 38 565627.0 566316.0 312.040932633893
10 39 565627.0 568056.0 473.987872281813
10 40 565627.0 565964.0 -1.0
10 41 565627.0 567618.0 -1.0
10 42 565627.0 565898.0 -1.0
11 1 565572.0 565675.0 -1.0
11 2 565572.0 565621.0 -1.0
11 3 565572.0 565667.0 -1.0
11 4 565572.0 567510.0 -1.0
11 5 565572.0 565801.0 -1.0
11 6 565572.0 566010.0 -1.0
11 7 565572.0 567891.0 -1.0
11 8 565572.0 565492.0 -1.0
11 9 565572.0 565558.0 -1.0
11 10 565572.0 565627.0 -1.0
11 11 565572.0 565572.0 -1.0
11 12 565572.0 565610.0 415.030783649076
11 13 565572.0 565859.0 500.119275580994
11 14 565572.0 565630.0 -1.0
11 15 565572.0 565559.0 389.006182514262
11 16 565572.0 565845.0 -1.0
11 17 565572.0 565527.0 -1.0
11 18 565572.0 565633.0 -1.0
11 19 565572.0 565496.0 -1.0
11 20 565572.0 565865.0 -1.0
11 21 565572.0 565773.0 -1.0
11 22 565572.0 567531.0 -1.0
11 23 565572.0 565516.0 -1.0
11 24 565572.0 565393.0 403.313537084201
11 25 565572.0 565753.0 -1.0
11 26 565572.0 33566.0 -1.0
11 27 565572.0 566074.0 -1.0
11 28 565572.0 565648.0 -1.0
11 29 565572.0 567526.0 -1.0
11 30 565572.0 565551.0 -1.0
11 31 565572.0 565631.0 -1.0
11 32 565572.0 565608.0 -1.0
11 33 565572.0 567500.0 -1.0
11 34 565572.0 565531.0 -1.0
11 35 565572.0 565562.0 -1.0
11 36 565572.0 32788.0 364.531194989186
11 37 565572.0 567497.0 -1.0
11 38 565572.0 566316.0 406.77153916581
11 39 565572.0 568056.0 -1.0
11 40 565572.0 565964.0 -1.0
11 41 565572.0 567618.0 -1.0
11 42 565572.0 565898.0 -1.0
12 1 565610.0 565675.0 -1.0
12 2 565610.0 565621.0 -1.0
12 3 565610.0 565667.0 -1.0
12 4 565610.0 567510.0 -1.0
12 5 565610.0 565801.0 -1.0
12 6 565610.0 566010.0 -1.0
12 7 565610.0 567891.0 -1.0
12 8 565610.0 565492.0 -1.0
12 9 565610.0 565558.0 -1.0
12 10 565610.0 565627.0 -1.0
12 11 565610.0 565572.0 415.030783649076
12 12 565610.0 565610.0 -1.0
12 13 565610.0 565859.0 320.713442520092
12 14 565610.0 565630.0 -1.0
12 15 565610.0 565559.0 433.05465516909
12 16 565610.0 565845.0 -1.0
12 17 565610.0 565527.0 -1.0
12 18 565610.0 565633.0 -1.0
12 19 565610.0 565496.0 -1.0
12 20 565610.0 565865.0 -1.0
12 21 565610.0 565773.0 -1.0
12 22 565610.0 567531.0 -1.0
12 23 565610.0 565516.0 328.323438235789
12 24 565610.0 565393.0 497.336055601094
12 25 565610.0 565753.0 -1.0
12 26 565610.0 33566.0 -1.0
12 27 565610.0 566074.0 452.251962446821
12 28 565610.0 565648.0 -1.0
12 29 565610.0 567526.0 -1.0
12 30 565610.0 565551.0 -1.0
12 31 565610.0 565631.0 -1.0
12 32 565610.0 565608.0 -1.0
12 33 565610.0 567500.0 -1.0
12 34 565610.0 565531.0 -1.0
12 35 565610.0 565562.0 -1.0
12 36 565610.0 32788.0 283.338227248144
12 37 565610.0 567497.0 -1.0
12 38 565610.0 566316.0 -1.0
12 39 565610.0 568056.0 -1.0
12 40 565610.0 565964.0 -1.0
12 41 565610.0 567618.0 -1.0
12 42 565610.0 565898.0 -1.0
13 1 565859.0 565675.0 -1.0
13 2 565859.0 565621.0 -1.0
13 3 565859.0 565667.0 -1.0
13 4 565859.0 567510.0 -1.0
13 5 565859.0 565801.0 -1.0
13 6 565859.0 566010.0 -1.0
13 7 565859.0 567891.0 -1.0
13 8 565859.0 565492.0 -1.0
13 9 565859.0 565558.0 -1.0
13 10 565859.0 565627.0 -1.0
13 11 565859.0 565572.0 500.119275580994
13 12 565859.0 565610.0 320.713442520092
13 13 565859.0 565859.0 -1.0
13 14 565859.0 565630.0 -1.0
13 15 565859.0 565559.0 -1.0
13 16 565859.0 565845.0 -1.0
13 17 565859.0 565527.0 -1.0
13 18 565859.0 565633.0 -1.0
13 19 565859.0 565496.0 -1.0
13 20 565859.0 565865.0 438.093899783715
13 21 565859.0 565773.0 -1.0
13 22 565859.0 567531.0 648.191813508129
13 23 565859.0 565516.0 -1.0
13 24 565859.0 565393.0 288.049135973735
13 25 565859.0 565753.0 -1.0
13 26 565859.0 33566.0 -1.0
13 27 565859.0 566074.0 521.430295925706
13 28 565859.0 565648.0 -1.0
13 29 565859.0 567526.0 -1.0
13 30 565859.0 565551.0 -1.0
13 31 565859.0 565631.0 -1.0
13 32 565859.0 565608.0 -1.0
13 33 565859.0 567500.0 -1.0
13 34 565859.0 565531.0 -1.0
13 35 565859.0 565562.0 -1.0
13 36 565859.0 32788.0 136.686747311715
13 37 565859.0 567497.0 -1.0
13 38 565859.0 566316.0 -1.0
13 39 565859.0 568056.0 -1.0
13 40 565859.0 565964.0 -1.0
13 41 565859.0 567618.0 -1.0
13 42 565859.0 565898.0 -1.0
14 1 565630.0 565675.0 -1.0
14 2 565630.0 565621.0 459.940254872711
14 3 565630.0 565667.0 -1.0
14 4 565630.0 567510.0 -1.0
14 5 565630.0 565801.0 315.84085105687
14 6 565630.0 566010.0 -1.0
14 7 565630.0 567891.0 -1.0
14 8 565630.0 565492.0 -1.0
14 9 565630.0 565558.0 -1.0
14 10 565630.0 565627.0 -1.0
14 11 565630.0 565572.0 -1.0
14 12 565630.0 565610.0 -1.0
14 13 565630.0 565859.0 -1.0
14 14 565630.0 565630.0 -1.0
14 15 565630.0 565559.0 -1.0
14 16 565630.0 565845.0 -1.0
14 17 565630.0 565527.0 -1.0
14 18 565630.0 565633.0 -1.0
14 19 565630.0 565496.0 -1.0
14 20 565630.0 565865.0 -1.0
14 21 565630.0 565773.0 -1.0
14 22 565630.0 567531.0 -1.0
14 23 565630.0 565516.0 -1.0
14 24 565630.0 565393.0 -1.0
14 25 565630.0 565753.0 477.25690335941
14 26 565630.0 33566.0 -1.0
14 27 565630.0 566074.0 -1.0
14 28 565630.0 565648.0 528.218838506598
14 29 565630.0 567526.0 -1.0
14 30 565630.0 565551.0 -1.0
14 31 565630.0 565631.0 -1.0
14 32 565630.0 565608.0 504.712551915894
14 33 565630.0 567500.0 -1.0
14 34 565630.0 565531.0 -1.0
14 35 565630.0 565562.0 -1.0
14 36 565630.0 32788.0 -1.0
14 37 565630.0 567497.0 552.232404976764
14 38 565630.0 566316.0 -1.0
14 39 565630.0 568056.0 -1.0
14 40 565630.0 565964.0 -1.0
14 41 565630.0 567618.0 281.607070389895
14 42 565630.0 565898.0 -1.0
15 1 565559.0 565675.0 -1.0
15 2 565559.0 565621.0 -1.0
15 3 565559.0 565667.0 -1.0
15 4 565559.0 567510.0 -1.0
15 5 565559.0 565801.0 -1.0
15 6 565559.0 566010.0 -1.0
15 7 565559.0 567891.0 407.062852724014
15 8 565559.0 565492.0 -1.0
15 9 565559.0 565558.0 296.92459314219
15 10 565559.0 565627.0 484.185666986381
15 11 565559.0 565572.0 389.006182514262
15 12 565559.0 565610.0 433.05465516909
15 13 565559.0 565859.0 -1.0
15 14 565559.0 565630.0 -1.0
15 15 565559.0 565559.0 -1.0
15 16 565559.0 565845.0 -1.0
15 17 565559.0 565527.0 -1.0
15 18 565559.0 565633.0 -1.0
15 19 565559.0 565496.0 -1.0
15 20 565559.0 565865.0 -1.0
15 21 565559.0 565773.0 -1.0
15 22 565559.0 567531.0 -1.0
15 23 565559.0 565516.0 463.233196824069
15 24 565559.0 565393.0 -1.0
15 25 565559.0 565753.0 -1.0
15 26 565559.0 33566.0 -1.0
15 27 565559.0 566074.0 -1.0
15 28 565559.0 565648.0 -1.0
15 29 565559.0 567526.0 -1.0
15 30 565559.0 565551.0 577.183719778858
15 31 565559.0 565631.0 -1.0
15 32 565559.0 565608.0 -1.0
15 33 565559.0 567500.0 -1.0
15 34 565559.0 565531.0 -1.0
15 35 565559.0 565562.0 -1.0
15 36 565559.0 32788.0 -1.0
15 37 565559.0 567497.0 -1.0
15 38 565559.0 566316.0 216.129699618437
15 39 565559.0 568056.0 -1.0
15 40 565559.0 565964.0 -1.0
15 41 565559.0 567618.0 -1.0
15 42 565559.0 565898.0 -1.0
16 1 565845.0 565675.0 -1.0
16 2 565845.0 565621.0 -1.0
16 3 565845.0 565667.0 -1.0
16 4 565845.0 567510.0 -1.0
16 5 565845.0 565801.0 -1.0
16 6 565845.0 566010.0 403.433415507219
16 7 565845.0 567891.0 -1.0
16 8 565845.0 565492.0 -1.0
16 9 565845.0 565558.0 -1.0
16 10 565845.0 565627.0 -1.0
16 11 565845.0 565572.0 -1.0
16 12 565845.0 565610.0 -1.0
16 13 565845.0 565859.0 -1.0
16 14 565845.0 565630.0 -1.0
16 15 565845.0 565559.0 -1.0
16 16 565845.0 565845.0 -1.0
16 17 565845.0 565527.0 -1.0
16 18 565845.0 565633.0 -1.0
16 19 565845.0 565496.0 -1.0
16 20 565845.0 565865.0 -1.0
16 21 565845.0 565773.0 -1.0
16 22 565845.0 567531.0 -1.0
16 23 565845.0 565516.0 -1.0
16 24 565845.0 565393.0 -1.0
16 25 565845.0 565753.0 -1.0
16 26 565845.0 33566.0 -1.0
16 27 565845.0 566074.0 -1.0
16 28 565845.0 565648.0 -1.0
16 29 565845.0 567526.0 488.237370401119
16 30 565845.0 565551.0 -1.0
16 31 565845.0 565631.0 -1.0
16 32 565845.0 565608.0 -1.0
16 33 565845.0 567500.0 -1.0
16 34 565845.0 565531.0 -1.0
16 35 565845.0 565562.0 -1.0
16 36 565845.0 32788.0 -1.0
16 37 565845.0 567497.0 -1.0
16 38 565845.0 566316.0 -1.0
16 39 565845.0 568056.0 -1.0
16 40 565845.0 565964.0 -1.0
16 41 565845.0 567618.0 -1.0
16 42 565845.0 565898.0 -1.0
17 1 565527.0 565675.0 -1.0
17 2 565527.0 565621.0 -1.0
17 3 565527.0 565667.0 457.225920966549
17 4 565527.0 567510.0 -1.0
17 5 565527.0 565801.0 -1.0
17 6 565527.0 566010.0 -1.0
17 7 565527.0 567891.0 -1.0
17 8 565527.0 565492.0 510.33570198958
17 9 565527.0 565558.0 -1.0
17 10 565527.0 565627.0 -1.0
17 11 565527.0 565572.0 -1.0
17 12 565527.0 565610.0 -1.0
17 13 565527.0 565859.0 -1.0
17 14 565527.0 565630.0 -1.0
17 15 565527.0 565559.0 -1.0
17 16 565527.0 565845.0 -1.0
17 17 565527.0 565527.0 -1.0
17 18 565527.0 565633.0 459.426489223318
17 19 565527.0 565496.0 295.748108518448
17 20 565527.0 565865.0 -1.0
17 21 565527.0 565773.0 -1.0
17 22 565527.0 567531.0 -1.0
17 23 565527.0 565516.0 -1.0
17 24 565527.0 565393.0 -1.0
17 25 565527.0 565753.0 -1.0
17 26 565527.0 33566.0 -1.0
17 27 565527.0 566074.0 -1.0
17 28 565527.0 565648.0 597.163563114554
17 29 565527.0 567526.0 -1.0
17 30 565527.0 565551.0 -1.0
17 31 565527.0 565631.0 -1.0
17 32 565527.0 565608.0 -1.0
17 33 565527.0 567500.0 -1.0
17 34 565527.0 565531.0 -1.0
17 35 565527.0 565562.0 -1.0
17 36 565527.0 32788.0 -1.0
17 37 565527.0 567497.0 -1.0
17 38 565527.0 566316.0 -1.0
17 39 565527.0 568056.0 -1.0
17 40 565527.0 565964.0 -1.0
17 41 565527.0 567618.0 -1.0
17 42 565527.0 565898.0 -1.0
18 1 565633.0 565675.0 -1.0
18 2 565633.0 565621.0 -1.0
18 3 565633.0 565667.0 552.279771495332
18 4 565633.0 567510.0 -1.0
18 5 565633.0 565801.0 -1.0
18 6 565633.0 566010.0 -1.0
18 7 565633.0 567891.0 374.619230361425
18 8 565633.0 565492.0 316.750648319649
18 9 565633.0 565558.0 431.446170953417
18 10 565633.0 565627.0 -1.0
18 11 565633.0 565572.0 -1.0
18 12 565633.0 565610.0 -1.0
18 13 565633.0 565859.0 -1.0
18 14 565633.0 565630.0 -1.0
18 15 565633.0 565559.0 -1.0
18 16 565633.0 565845.0 -1.0
18 17 565633.0 565527.0 459.426489223318
18 18 565633.0 565633.0 -1.0
18 19 565633.0 565496.0 582.836466063703
18 20 565633.0 565865.0 -1.0
18 21 565633.0 565773.0 -1.0
18 22 565633.0 567531.0 -1.0
18 23 565633.0 565516.0 -1.0
18 24 565633.0 565393.0 -1.0
18 25 565633.0 565753.0 -1.0
18 26 565633.0 33566.0 -1.0
18 27 565633.0 566074.0 -1.0
18 28 565633.0 565648.0 -1.0
18 29 565633.0 567526.0 -1.0
18 30 565633.0 565551.0 541.096157766903
18 31 565633.0 565631.0 -1.0
18 32 565633.0 565608.0 -1.0
18 33 565633.0 567500.0 -1.0
18 34 565633.0 565531.0 -1.0
18 35 565633.0 565562.0 -1.0
18 36 565633.0 32788.0 -1.0
18 37 565633.0 567497.0 -1.0
18 38 565633.0 566316.0 -1.0
18 39 565633.0 568056.0 439.355873240384
18 40 565633.0 565964.0 -1.0
18 41 565633.0 567618.0 -1.0
18 42 565633.0 565898.0 -1.0
19 1 565496.0 565675.0 -1.0
19 2 565496.0 565621.0 503.80776132465
19 3 565496.0 565667.0 -1.0
19 4 565496.0 567510.0 -1.0
19 5 565496.0 565801.0 -1.0
19 6 565496.0 566010.0 -1.0
19 7 565496.0 567891.0 -1.0
19 8 565496.0 565492.0 449.187401187726
19 9 565496.0 565558.0 -1.0
19 10 565496.0 565627.0 -1.0
19 11 565496.0 565572.0 -1.0
19 12 565496.0 565610.0 -1.0
19 13 565496.0 565859.0 -1.0
19 14 565496.0 565630.0 -1.0
19 15 565496.0 565559.0 -1.0
19 16 565496.0 565845.0 -1.0
19 17 565496.0 565527.0 295.748108518448
19 18 565496.0 565633.0 582.836466063703
19 19 565496.0 565496.0 -1.0
19 20 565496.0 565865.0 -1.0
19 21 565496.0 565773.0 442.121347281986
19 22 565496.0 567531.0 -1.0
19 23 565496.0 565516.0 -1.0
19 24 565496.0 565393.0 -1.0
19 25 565496.0 565753.0 -1.0
19 26 565496.0 33566.0 -1.0
19 27 565496.0 566074.0 -1.0
19 28 565496.0 565648.0 311.06340267018
19 29 565496.0 567526.0 -1.0
19 30 565496.0 565551.0 -1.0
19 31 565496.0 565631.0 -1.0
19 32 565496.0 565608.0 -1.0
19 33 565496.0 567500.0 -1.0
19 34 565496.0 565531.0 -1.0
19 35 565496.0 565562.0 -1.0
19 36 565496.0 32788.0 -1.0
19 37 565496.0 567497.0 -1.0
19 38 565496.0 566316.0 -1.0
19 39 565496.0 568056.0 -1.0
19 40 565496.0 565964.0 -1.0
19 41 565496.0 567618.0 -1.0
19 42 565496.0 565898.0 -1.0
20 1 565865.0 565675.0 -1.0
20 2 565865.0 565621.0 -1.0
20 3 565865.0 565667.0 -1.0
20 4 565865.0 567510.0 -1.0
20 5 565865.0 565801.0 -1.0
20 6 565865.0 566010.0 -1.0
20 7 565865.0 567891.0 -1.0
20 8 565865.0 565492.0 -1.0
20 9 565865.0 565558.0 -1.0
20 10 565865.0 565627.0 -1.0
20 11 565865.0 565572.0 -1.0
20 12 565865.0 565610.0 -1.0
20 13 565865.0 565859.0 438.093899783715
20 14 565865.0 565630.0 -1.0
20 15 565865.0 565559.0 -1.0
20 16 565865.0 565845.0 -1.0
20 17 565865.0 565527.0 -1.0
20 18 565865.0 565633.0 -1.0
20 19 565865.0 565496.0 -1.0
20 20 565865.0 565865.0 -1.0
20 21 565865.0 565773.0 -1.0
20 22 565865.0 567531.0 -1.0
20 23 565865.0 565516.0 -1.0
20 24 565865.0 565393.0 303.80802858961
20 25 565865.0 565753.0 -1.0
20 26 565865.0 33566.0 -1.0
20 27 565865.0 566074.0 -1.0
20 28 565865.0 565648.0 -1.0
20 29 565865.0 567526.0 -1.0
20 30 565865.0 565551.0 -1.0
20 31 565865.0 565631.0 -1.0
20 32 565865.0 565608.0 -1.0
20 33 565865.0 567500.0 -1.0
20 34 565865.0 565531.0 -1.0
20 35 565865.0 565562.0 -1.0
20 36 565865.0 32788.0 461.591674648644
20 37 565865.0 567497.0 -1.0
20 38 565865.0 566316.0 -1.0
20 39 565865.0 568056.0 -1.0
20 40 565865.0 565964.0 -1.0
20 41 565865.0 567618.0 -1.0
20 42 565865.0 565898.0 -1.0
21 1 565773.0 565675.0 -1.0
21 2 565773.0 565621.0 352.568602155258
21 3 565773.0 565667.0 -1.0
21 4 565773.0 567510.0 -1.0
21 5 565773.0 565801.0 -1.0
21 6 565773.0 566010.0 -1.0
21 7 565773.0 567891.0 -1.0
21 8 565773.0 565492.0 -1.0
21 9 565773.0 565558.0 -1.0
21 10 565773.0 565627.0 -1.0
21 11 565773.0 565572.0 -1.0
21 12 565773.0 565610.0 -1.0
21 13 565773.0 565859.0 -1.0
21 14 565773.0 565630.0 -1.0
21 15 565773.0 565559.0 -1.0
21 16 565773.0 565845.0 -1.0
21 17 565773.0 565527.0 -1.0
21 18 565773.0 565633.0 -1.0
21 19 565773.0 565496.0 442.121347281986
21 20 565773.0 565865.0 -1.0
21 21 565773.0 565773.0 -1.0
21 22 565773.0 567531.0 -1.0
21 23 565773.0 565516.0 -1.0
21 24 565773.0 565393.0 -1.0
21 25 565773.0 565753.0 -1.0
21 26 565773.0 33566.0 -1.0
21 27 565773.0 566074.0 -1.0
21 28 565773.0 565648.0 511.221848475168
21 29 565773.0 567526.0 -1.0
21 30 565773.0 565551.0 -1.0
21 31 565773.0 565631.0 -1.0
21 32 565773.0 565608.0 -1.0
21 33 565773.0 567500.0 -1.0
21 34 565773.0 565531.0 550.518253549247
21 35 565773.0 565562.0 -1.0
21 36 565773.0 32788.0 -1.0
21 37 565773.0 567497.0 -1.0
21 38 565773.0 566316.0 -1.0
21 39 565773.0 568056.0 -1.0
21 40 565773.0 565964.0 -1.0
21 41 565773.0 567618.0 -1.0
21 42 565773.0 565898.0 -1.0
22 1 567531.0 565675.0 -1.0
22 2 567531.0 565621.0 -1.0
22 3 567531.0 565667.0 -1.0
22 4 567531.0 567510.0 -1.0
22 5 567531.0 565801.0 -1.0
22 6 567531.0 566010.0 -1.0
22 7 567531.0 567891.0 -1.0
22 8 567531.0 565492.0 -1.0
22 9 567531.0 565558.0 -1.0
22 10 567531.0 565627.0 -1.0
22 11 567531.0 565572.0 -1.0
22 12 567531.0 565610.0 -1.0
22 13 567531.0 565859.0 648.191813508129
22 14 567531.0 565630.0 -1.0
22 15 567531.0 565559.0 -1.0
22 16 567531.0 565845.0 -1.0
22 17 567531.0 565527.0 -1.0
22 18 567531.0 565633.0 -1.0
22 19 567531.0 565496.0 -1.0
22 20 567531.0 565865.0 -1.0
22 21 567531.0 565773.0 -1.0
22 22 567531.0 567531.0 -1.0
22 23 567531.0 565516.0 -1.0
22 24 567531.0 565393.0 -1.0
22 25 567531.0 565753.0 -1.0
22 26 567531.0 33566.0 -1.0
22 27 567531.0 566074.0 407.911813525417
22 28 567531.0 565648.0 -1.0
22 29 567531.0 567526.0 -1.0
22 30 567531.0 565551.0 -1.0
22 31 567531.0 565631.0 -1.0
22 32 567531.0 565608.0 -1.0
22 33 567531.0 567500.0 733.712388235568
22 34 567531.0 565531.0 -1.0
22 35 567531.0 565562.0 -1.0
22 36 567531.0 32788.0 -1.0
22 37 567531.0 567497.0 -1.0
22 38 567531.0 566316.0 -1.0
22 39 567531.0 568056.0 -1.0
22 40 567531.0 565964.0 661.178084632111
22 41 567531.0 567618.0 -1.0
22 42 567531.0 565898.0 -1.0
23 1 565516.0 565675.0 548.735480672062
23 2 565516.0 565621.0 -1.0
23 3 565516.0 565667.0 -1.0
23 4 565516.0 567510.0 -1.0
23 5 565516.0 565801.0 -1.0
23 6 565516.0 566010.0 -1.0
23 7 565516.0 567891.0 -1.0
23 8 565516.0 565492.0 -1.0
23 9 565516.0 565558.0 449.685429499157
23 10 565516.0 565627.0 -1.0
23 11 565516.0 565572.0 -1.0
23 12 565516.0 565610.0 328.323438235789
23 13 565516.0 565859.0 -1.0
23 14 565516.0 565630.0 -1.0
23 15 565516.0 565559.0 463.233196824069
23 16 565516.0 565845.0 -1.0
23 17 565516.0 565527.0 -1.0
23 18 565516.0 565633.0 -1.0
23 19 565516.0 565496.0 -1.0
23 20 565516.0 565865.0 -1.0
23 21 565516.0 565773.0 -1.0
23 22 565516.0 567531.0 -1.0
23 23 565516.0 565516.0 -1.0
23 24 565516.0 565393.0 -1.0
23 25 565516.0 565753.0 -1.0
23 26 565516.0 33566.0 -1.0
23 27 565516.0 566074.0 428.732973334707
23 28 565516.0 565648.0 -1.0
23 29 565516.0 567526.0 -1.0
23 30 565516.0 565551.0 338.130195611629
23 31 565516.0 565631.0 -1.0
23 32 565516.0 565608.0 -1.0
23 33 565516.0 567500.0 -1.0
23 34 565516.0 565531.0 -1.0
23 35 565516.0 565562.0 -1.0
23 36 565516.0 32788.0 -1.0
23 37 565516.0 567497.0 -1.0
23 38 565516.0 566316.0 -1.0
23 39 565516.0 568056.0 -1.0
23 40 565516.0 565964.0 -1.0
23 41 565516.0 567618.0 -1.0
23 42 565516.0 565898.0 -1.0
24 1 565393.0 565675.0 -1.0
24 2 565393.0 565621.0 -1.0
24 3 565393.0 565667.0 -1.0
24 4 565393.0 567510.0 -1.0
24 5 565393.0 565801.0 -1.0
24 6 565393.0 566010.0 -1.0
24 7 565393.0 567891.0 -1.0
24 8 565393.0 565492.0 -1.0
24 9 565393.0 565558.0 -1.0
24 10 565393.0 565627.0 -1.0
24 11 565393.0 565572.0 403.313537084201
24 12 565393.0 565610.0 497.336055601094
24 13 565393.0 565859.0 288.049135973735
24 14 565393.0 565630.0 -1.0
24 15 565393.0 565559.0 -1.0
24 16 565393.0 565845.0 -1.0
24 17 565393.0 565527.0 -1.0
24 18 565393.0 565633.0 -1.0
24 19 565393.0 565496.0 -1.0
24 20 565393.0 565865.0 303.80802858961
24 21 565393.0 565773.0 -1.0
24 22 565393.0 567531.0 -1.0
24 23 565393.0 565516.0 -1.0
24 24 565393.0 565393.0 -1.0
24 25 565393.0 565753.0 -1.0
24 26 565393.0 33566.0 -1.0
24 27 565393.0 566074.0 -1.0
24 28 565393.0 565648.0 -1.0
24 29 565393.0 567526.0 -1.0
24 30 565393.0 565551.0 -1.0
24 31 565393.0 565631.0 -1.0
24 32 565393.0 565608.0 -1.0
24 33 565393.0 567500.0 -1.0
24 34 565393.0 565531.0 -1.0
24 35 565393.0 565562.0 -1.0
24 36 565393.0 32788.0 220.173584136579
24 37 565393.0 567497.0 -1.0
24 38 565393.0 566316.0 -1.0
24 39 565393.0 568056.0 -1.0
24 40 565393.0 565964.0 -1.0
24 41 565393.0 567618.0 -1.0
24 42 565393.0 565898.0 -1.0
25 1 565753.0 565675.0 -1.0
25 2 565753.0 565621.0 -1.0
25 3 565753.0 565667.0 -1.0
25 4 565753.0 567510.0 -1.0
25 5 565753.0 565801.0 278.039501363112
25 6 565753.0 566010.0 -1.0
25 7 565753.0 567891.0 -1.0
25 8 565753.0 565492.0 -1.0
25 9 565753.0 565558.0 -1.0
25 10 565753.0 565627.0 -1.0
25 11 565753.0 565572.0 -1.0
25 12 565753.0 565610.0 -1.0
25 13 565753.0 565859.0 -1.0
25 14 565753.0 565630.0 477.25690335941
25 15 565753.0 565559.0 -1.0
25 16 565753.0 565845.0 -1.0
25 17 565753.0 565527.0 -1.0
25 18 565753.0 565633.0 -1.0
25 19 565753.0 565496.0 -1.0
25 20 565753.0 565865.0 -1.0
25 21 565753.0 565773.0 -1.0
25 22 565753.0 567531.0 -1.0
25 23 565753.0 565516.0 -1.0
25 24 565753.0 565393.0 -1.0
25 25 565753.0 565753.0 -1.0
25 26 565753.0 33566.0 -1.0
25 27 565753.0 566074.0 -1.0
25 28 565753.0 565648.0 -1.0
25 29 565753.0 567526.0 -1.0
25 30 565753.0 565551.0 -1.0
25 31 565753.0 565631.0 456.919109217566
25 32 565753.0 565608.0 -1.0
25 33 565753.0 567500.0 -1.0
25 34 565753.0 565531.0 -1.0
25 35 565753.0 565562.0 268.887723588855
25 36 565753.0 32788.0 -1.0
25 37 565753.0 567497.0 439.006750618521
25 38 565753.0 566316.0 -1.0
25 39 565753.0 568056.0 -1.0
25 40 565753.0 565964.0 -1.0
25 41 565753.0 567618.0 532.705687926016
25 42 565753.0 565898.0 -1.0
26 1 33566.0 565675.0 -1.0
26 2 33566.0 565621.0 -1.0
26 3 33566.0 565667.0 -1.0
26 4 33566.0 567510.0 -1.0
26 5 33566.0 565801.0 -1.0
26 6 33566.0 566010.0 -1.0
26 7 33566.0 567891.0 -1.0
26 8 33566.0 565492.0 -1.0
26 9 33566.0 565558.0 -1.0
26 10 33566.0 565627.0 -1.0
26 11 33566.0 565572.0 -1.0
26 12 33566.0 565610.0 -1.0
26 13 33566.0 565859.0 -1.0
26 14 33566.0 565630.0 -1.0
26 15 33566.0 565559.0 -1.0
26 16 33566.0 565845.0 -1.0
26 17 33566.0 565527.0 -1.0
26 18 33566.0 565633.0 -1.0
26 19 33566.0 565496.0 -1.0
26 20 33566.0 565865.0 -1.0
26 21 33566.0 565773.0 -1.0
26 22 33566.0 567531.0 -1.0
26 23 33566.0 565516.0 -1.0
26 24 33566.0 565393.0 -1.0
26 25 33566.0 565753.0 -1.0
26 26 33566.0 33566.0 -1.0
26 27 33566.0 566074.0 -1.0
26 28 33566.0 565648.0 -1.0
26 29 33566.0 567526.0 -1.0
26 30 33566.0 565551.0 -1.0
26 31 33566.0 565631.0 -1.0
26 32 33566.0 565608.0 302.399820168766
26 33 33566.0 567500.0 -1.0
26 34 33566.0 565531.0 152.365650269044
26 35 33566.0 565562.0 -1.0
26 36 33566.0 32788.0 -1.0
26 37 33566.0 567497.0 -1.0
26 38 33566.0 566316.0 -1.0
26 39 33566.0 568056.0 -1.0
26 40 33566.0 565964.0 -1.0
26 41 33566.0 567618.0 514.517974948971
26 42 33566.0 565898.0 -1.0
27 1 566074.0 565675.0 -1.0
27 2 566074.0 565621.0 -1.0
27 3 566074.0 565667.0 -1.0
27 4 566074.0 567510.0 -1.0
27 5 566074.0 565801.0 -1.0
27 6 566074.0 566010.0 -1.0
27 7 566074.0 567891.0 -1.0
27 8 566074.0 565492.0 -1.0
27 9 566074.0 565558.0 -1.0
27 10 566074.0 565627.0 -1.0
27 11 566074.0 565572.0 -1.0
27 12 566074.0 565610.0 452.251962446821
27 13 566074.0 565859.0 521.430295925706
27 14 566074.0 565630.0 -1.0
27 15 566074.0 565559.0 -1.0
27 16 566074.0 565845.0 -1.0
27 17 566074.0 565527.0 -1.0
27 18 566074.0 565633.0 -1.0
27 19 566074.0 565496.0 -1.0
27 20 566074.0 565865.0 -1.0
27 21 566074.0 565773.0 -1.0
27 22 566074.0 567531.0 407.911813525417
27 23 566074.0 565516.0 428.732973334707
27 24 566074.0 565393.0 -1.0
27 25 566074.0 565753.0 -1.0
27 26 566074.0 33566.0 -1.0
27 27 566074.0 566074.0 -1.0
27 28 566074.0 565648.0 -1.0
27 29 566074.0 567526.0 -1.0
27 30 566074.0 565551.0 -1.0
27 31 566074.0 565631.0 -1.0
27 32 566074.0 565608.0 -1.0
27 33 566074.0 567500.0 517.962556360248
27 34 566074.0 565531.0 -1.0
27 35 566074.0 565562.0 -1.0
27 36 566074.0 32788.0 -1.0
27 37 566074.0 567497.0 -1.0
27 38 566074.0 566316.0 -1.0
27 39 566074.0 568056.0 -1.0
27 40 566074.0 565964.0 -1.0
27 41 566074.0 567618.0 -1.0
27 42 566074.0 565898.0 -1.0
28 1 565648.0 565675.0 820.255349436466
28 2 565648.0 565621.0 334.493476200514
28 3 565648.0 565667.0 -1.0
28 4 565648.0 567510.0 -1.0
28 5 565648.0 565801.0 -1.0
28 6 565648.0 566010.0 -1.0
28 7 565648.0 567891.0 -1.0
28 8 565648.0 565492.0 479.314976946387
28 9 565648.0 565558.0 -1.0
28 10 565648.0 565627.0 -1.0
28 11 565648.0 565572.0 -1.0
28 12 565648.0 565610.0 -1.0
28 13 565648.0 565859.0 -1.0
28 14 565648.0 565630.0 528.218838506598
28 15 565648.0 565559.0 -1.0
28 16 565648.0 565845.0 -1.0
28 17 565648.0 565527.0 597.163563114554
28 18 565648.0 565633.0 -1.0
28 19 565648.0 565496.0 311.06340267018
28 20 565648.0 565865.0 -1.0
28 21 565648.0 565773.0 511.221848475168
28 22 565648.0 567531.0 -1.0
28 23 565648.0 565516.0 -1.0
28 24 565648.0 565393.0 -1.0
28 25 565648.0 565753.0 -1.0
28 26 565648.0 33566.0 -1.0
28 27 565648.0 566074.0 -1.0
28 28 565648.0 565648.0 -1.0
28 29 565648.0 567526.0 -1.0
28 30 565648.0 565551.0 -1.0
28 31 565648.0 565631.0 -1.0
28 32 565648.0 565608.0 -1.0
28 33 565648.0 567500.0 -1.0
28 34 565648.0 565531.0 -1.0
28 35 565648.0 565562.0 -1.0
28 36 565648.0 32788.0 -1.0
28 37 565648.0 567497.0 -1.0
28 38 565648.0 566316.0 -1.0
28 39 565648.0 568056.0 -1.0
28 40 565648.0 565964.0 -1.0
28 41 565648.0 567618.0 -1.0
28 42 565648.0 565898.0 -1.0
29 1 567526.0 565675.0 -1.0
29 2 567526.0 565621.0 -1.0
29 3 567526.0 565667.0 -1.0
29 4 567526.0 567510.0 156.803718374839
29 5 567526.0 565801.0 -1.0
29 6 567526.0 566010.0 -1.0
29 7 567526.0 567891.0 -1.0
29 8 567526.0 565492.0 -1.0
29 9 567526.0 565558.0 -1.0
29 10 567526.0 565627.0 -1.0
29 11 567526.0 565572.0 -1.0
29 12 567526.0 565610.0 -1.0
29 13 567526.0 565859.0 -1.0
29 14 567526.0 565630.0 -1.0
29 15 567526.0 565559.0 -1.0
29 16 567526.0 565845.0 488.237370401119
29 17 567526.0 565527.0 -1.0
29 18 567526.0 565633.0 -1.0
29 19 567526.0 565496.0 -1.0
29 20 567526.0 565865.0 -1.0
29 21 567526.0 565773.0 -1.0
29 22 567526.0 567531.0 -1.0
29 23 567526.0 565516.0 -1.0
29 24 567526.0 565393.0 -1.0
29 25 567526.0 565753.0 -1.0
29 26 567526.0 33566.0 -1.0
29 27 567526.0 566074.0 -1.0
29 28 567526.0 565648.0 -1.0
29 29 567526.0 567526.0 -1.0
29 30 567526.0 565551.0 -1.0
29 31 567526.0 565631.0 -1.0
29 32 567526.0 565608.0 -1.0
29 33 567526.0 567500.0 567.435559990337
29 34 567526.0 565531.0 -1.0
29 35 567526.0 565562.0 -1.0
29 36 567526.0 32788.0 -1.0
29 37 567526.0 567497.0 -1.0
29 38 567526.0 566316.0 -1.0
29 39 567526.0 568056.0 -1.0
29 40 567526.0 565964.0 253.370584106735
29 41 567526.0 567618.0 -1.0
29 42 567526.0 565898.0 507.959492576957
30 1 565551.0 565675.0 437.379391565606
30 2 565551.0 565621.0 -1.0
30 3 565551.0 565667.0 -1.0
30 4 565551.0 567510.0 -1.0
30 5 565551.0 565801.0 -1.0
30 6 565551.0 566010.0 -1.0
30 7 565551.0 567891.0 595.151094073438
30 8 565551.0 565492.0 416.266033308458
30 9 565551.0 565558.0 364.544149001128
30 10 565551.0 565627.0 -1.0
30 11 565551.0 565572.0 -1.0
30 12 565551.0 565610.0 -1.0
30 13 565551.0 565859.0 -1.0
30 14 565551.0 565630.0 -1.0
30 15 565551.0 565559.0 577.183719778858
30 16 565551.0 565845.0 -1.0
30 17 565551.0 565527.0 -1.0
30 18 565551.0 565633.0 541.096157766903
30 19 565551.0 565496.0 -1.0
30 20 565551.0 565865.0 -1.0
30 21 565551.0 565773.0 -1.0
30 22 565551.0 567531.0 -1.0
30 23 565551.0 565516.0 338.130195611629
30 24 565551.0 565393.0 -1.0
30 25 565551.0 565753.0 -1.0
30 26 565551.0 33566.0 -1.0
30 27 565551.0 566074.0 -1.0
30 28 565551.0 565648.0 -1.0
30 29 565551.0 567526.0 -1.0
30 30 565551.0 565551.0 -1.0
30 31 565551.0 565631.0 -1.0
30 32 565551.0 565608.0 -1.0
30 33 565551.0 567500.0 -1.0
30 34 565551.0 565531.0 -1.0
30 35 565551.0 565562.0 -1.0
30 36 565551.0 32788.0 -1.0
30 37 565551.0 567497.0 -1.0
30 38 565551.0 566316.0 -1.0
30 39 565551.0 568056.0 -1.0
30 40 565551.0 565964.0 -1.0
30 41 565551.0 567618.0 -1.0
30 42 565551.0 565898.0 -1.0
31 1 565631.0 565675.0 -1.0
31 2 565631.0 565621.0 -1.0
31 3 565631.0 565667.0 -1.0
31 4 565631.0 567510.0 -1.0
31 5 565631.0 565801.0 309.191064894067
31 6 565631.0 566010.0 440.489813126602
31 7 565631.0 567891.0 -1.0
31 8 565631.0 565492.0 -1.0
31 9 565631.0 565558.0 -1.0
31 10 565631.0 565627.0 -1.0
31 11 565631.0 565572.0 -1.0
31 12 565631.0 565610.0 -1.0
31 13 565631.0 565859.0 -1.0
31 14 565631.0 565630.0 -1.0
31 15 565631.0 565559.0 -1.0
31 16 565631.0 565845.0 -1.0
31 17 565631.0 565527.0 -1.0
31 18 565631.0 565633.0 -1.0
31 19 565631.0 565496.0 -1.0
31 20 565631.0 565865.0 -1.0
31 21 565631.0 565773.0 -1.0
31 22 565631.0 567531.0 -1.0
31 23 565631.0 565516.0 -1.0
31 24 565631.0 565393.0 -1.0
31 25 565631.0 565753.0 456.919109217566
31 26 565631.0 33566.0 -1.0
31 27 565631.0 566074.0 -1.0
31 28 565631.0 565648.0 -1.0
31 29 565631.0 567526.0 -1.0
31 30 565631.0 565551.0 -1.0
31 31 565631.0 565631.0 -1.0
31 32 565631.0 565608.0 -1.0
31 33 565631.0 567500.0 -1.0
31 34 565631.0 565531.0 -1.0
31 35 565631.0 565562.0 530.159197136191
31 36 565631.0 32788.0 -1.0
31 37 565631.0 567497.0 -1.0
31 38 565631.0 566316.0 -1.0
31 39 565631.0 568056.0 -1.0
31 40 565631.0 565964.0 -1.0
31 41 565631.0 567618.0 -1.0
31 42 565631.0 565898.0 317.884290878699
32 1 565608.0 565675.0 -1.0
32 2 565608.0 565621.0 524.938590122655
32 3 565608.0 565667.0 -1.0
32 4 565608.0 567510.0 -1.0
32 5 565608.0 565801.0 -1.0
32 6 565608.0 566010.0 -1.0
32 7 565608.0 567891.0 -1.0
32 8 565608.0 565492.0 -1.0
32 9 565608.0 565558.0 -1.0
32 10 565608.0 565627.0 -1.0
32 11 565608.0 565572.0 -1.0
32 12 565608.0 565610.0 -1.0
32 13 565608.0 565859.0 -1.0
32 14 565608.0 565630.0 504.712551915894
32 15 565608.0 565559.0 -1.0
32 16 565608.0 565845.0 -1.0
32 17 565608.0 565527.0 -1.0
32 18 565608.0 565633.0 -1.0
32 19 565608.0 565496.0 -1.0
32 20 565608.0 565865.0 -1.0
32 21 565608.0 565773.0 -1.0
32 22 565608.0 567531.0 -1.0
32 23 565608.0 565516.0 -1.0
32 24 565608.0 565393.0 -1.0
32 25 565608.0 565753.0 -1.0
32 26 565608.0 33566.0 302.399820168766
32 27 565608.0 566074.0 -1.0
32 28 565608.0 565648.0 -1.0
32 29 565608.0 567526.0 -1.0
32 30 565608.0 565551.0 -1.0
32 31 565608.0 565631.0 -1.0
32 32 565608.0 565608.0 -1.0
32 33 565608.0 567500.0 -1.0
32 34 565608.0 565531.0 340.11721755482
32 35 565608.0 565562.0 -1.0
32 36 565608.0 32788.0 -1.0
32 37 565608.0 567497.0 385.63764148785
32 38 565608.0 566316.0 -1.0
32 39 565608.0 568056.0 -1.0
32 40 565608.0 565964.0 -1.0
32 41 565608.0 567618.0 228.219892167719
32 42 565608.0 565898.0 -1.0
33 1 567500.0 565675.0 313.695201226318
33 2 567500.0 565621.0 -1.0
33 3 567500.0 565667.0 -1.0
33 4 567500.0 567510.0 411.547948368936
33 5 567500.0 565801.0 -1.0
33 6 567500.0 566010.0 -1.0
33 7 567500.0 567891.0 -1.0
33 8 567500.0 565492.0 -1.0
33 9 567500.0 565558.0 -1.0
33 10 567500.0 565627.0 -1.0
33 11 567500.0 565572.0 -1.0
33 12 567500.0 565610.0 -1.0
33 13 567500.0 565859.0 -1.0
33 14 567500.0 565630.0 -1.0
33 15 567500.0 565559.0 -1.0
33 16 567500.0 565845.0 -1.0
33 17 567500.0 565527.0 -1.0
33 18 567500.0 565633.0 -1.0
33 19 567500.0 565496.0 -1.0
33 20 567500.0 565865.0 -1.0
33 21 567500.0 565773.0 -1.0
33 22 567500.0 567531.0 733.712388235568
33 23 567500.0 565516.0 -1.0
33 24 567500.0 565393.0 -1.0
33 25 567500.0 565753.0 -1.0
33 26 567500.0 33566.0 -1.0
33 27 567500.0 566074.0 517.962556360248
33 28 567500.0 565648.0 -1.0
33 29 567500.0 567526.0 567.435559990337
33 30 567500.0 565551.0 -1.0
33 31 567500.0 565631.0 -1.0
33 32 567500.0 565608.0 -1.0
33 33 567500.0 567500.0 -1.0
33 34 567500.0 565531.0 -1.0
33 35 567500.0 565562.0 -1.0
33 36 567500.0 32788.0 -1.0
33 37 567500.0 567497.0 -1.0
33 38 567500.0 566316.0 -1.0
33 39 567500.0 568056.0 -1.0
33 40 567500.0 565964.0 -1.0
33 41 567500.0 567618.0 -1.0
33 42 567500.0 565898.0 350.670817248879
34 1 565531.0 565675.0 -1.0
34 2 565531.0 565621.0 477.254805820644
34 3 565531.0 565667.0 -1.0
34 4 565531.0 567510.0 -1.0
34 5 565531.0 565801.0 -1.0
34 6 565531.0 566010.0 -1.0
34 7 565531.0 567891.0 -1.0
34 8 565531.0 565492.0 -1.0
34 9 565531.0 565558.0 -1.0
34 10 565531.0 565627.0 -1.0
34 11 565531.0 565572.0 -1.0
34 12 565531.0 565610.0 -1.0
34 13 565531.0 565859.0 -1.0
34 14 565531.0 565630.0 -1.0
34 15 565531.0 565559.0 -1.0
34 16 565531.0 565845.0 -1.0
34 17 565531.0 565527.0 -1.0
34 18 565531.0 565633.0 -1.0
34 19 565531.0 565496.0 -1.0
34 20 565531.0 565865.0 -1.0
34 21 565531.0 565773.0 550.518253549247
34 22 565531.0 567531.0 -1.0
34 23 565531.0 565516.0 -1.0
34 24 565531.0 565393.0 -1.0
34 25 565531.0 565753.0 -1.0
34 26 565531.0 33566.0 152.365650269044
34 27 565531.0 566074.0 -1.0
34 28 565531.0 565648.0 -1.0
34 29 565531.0 567526.0 -1.0
34 30 565531.0 565551.0 -1.0
34 31 565531.0 565631.0 -1.0
34 32 565531.0 565608.0 340.11721755482
34 33 565531.0 567500.0 -1.0
34 34 565531.0 565531.0 -1.0
34 35 565531.0 565562.0 -1.0
34 36 565531.0 32788.0 -1.0
34 37 565531.0 567497.0 -1.0
34 38 565531.0 566316.0 -1.0
34 39 565531.0 568056.0 -1.0
34 40 565531.0 565964.0 -1.0
34 41 565531.0 567618.0 506.323390499867
34 42 565531.0 565898.0 -1.0
35 1 565562.0 565675.0 -1.0
35 2 565562.0 565621.0 -1.0
35 3 565562.0 565667.0 -1.0
35 4 565562.0 567510.0 -1.0
35 5 565562.0 565801.0 498.556100665509
35 6 565562.0 566010.0 450.133049091456
35 7 565562.0 567891.0 -1.0
35 8 565562.0 565492.0 -1.0
35 9 565562.0 565558.0 -1.0
35 10 565562.0 565627.0 -1.0
35 11 565562.0 565572.0 -1.0
35 12 565562.0 565610.0 -1.0
35 13 565562.0 565859.0 -1.0
35 14 565562.0 565630.0 -1.0
35 15 565562.0 565559.0 -1.0
35 16 565562.0 565845.0 -1.0
35 17 565562.0 565527.0 -1.0
35 18 565562.0 565633.0 -1.0
35 19 565562.0 565496.0 -1.0
35 20 565562.0 565865.0 -1.0
35 21 565562.0 565773.0 -1.0
35 22 565562.0 567531.0 -1.0
35 23 565562.0 565516.0 -1.0
35 24 565562.0 565393.0 -1.0
35 25 565562.0 565753.0 268.887723588855
35 26 565562.0 33566.0 -1.0
35 27 565562.0 566074.0 -1.0
35 28 565562.0 565648.0 -1.0
35 29 565562.0 567526.0 -1.0
35 30 565562.0 565551.0 -1.0
35 31 565562.0 565631.0 530.159197136191
35 32 565562.0 565608.0 -1.0
35 33 565562.0 567500.0 -1.0
35 34 565562.0 565531.0 -1.0
35 35 565562.0 565562.0 -1.0
35 36 565562.0 32788.0 -1.0
35 37 565562.0 567497.0 -1.0
35 38 565562.0 566316.0 -1.0
35 39 565562.0 568056.0 -1.0
35 40 565562.0 565964.0 -1.0
35 41 565562.0 567618.0 -1.0
35 42 565562.0 565898.0 -1.0
36 1 32788.0 565675.0 -1.0
36 2 32788.0 565621.0 -1.0
36 3 32788.0 565667.0 -1.0
36 4 32788.0 567510.0 -1.0
36 5 32788.0 565801.0 -1.0
36 6 32788.0 566010.0 -1.0
36 7 32788.0 567891.0 -1.0
36 8 32788.0 565492.0 -1.0
36 9 32788.0 565558.0 -1.0
36 10 32788.0 565627.0 -1.0
36 11 32788.0 565572.0 364.531194989186
36 12 32788.0 565610.0 283.338227248144
36 13 32788.0 565859.0 136.686747311715
36 14 32788.0 565630.0 -1.0
36 15 32788.0 565559.0 -1.0
36 16 32788.0 565845.0 -1.0
36 17 32788.0 565527.0 -1.0
36 18 32788.0 565633.0 -1.0
36 19 32788.0 565496.0 -1.0
36 20 32788.0 565865.0 461.591674648644
36 21 32788.0 565773.0 -1.0
36 22 32788.0 567531.0 -1.0
36 23 32788.0 565516.0 -1.0
36 24 32788.0 565393.0 220.173584136579
36 25 32788.0 565753.0 -1.0
36 26 32788.0 33566.0 -1.0
36 27 32788.0 566074.0 -1.0
36 28 32788.0 565648.0 -1.0
36 29 32788.0 567526.0 -1.0
36 30 32788.0 565551.0 -1.0
36 31 32788.0 565631.0 -1.0
36 32 32788.0 565608.0 -1.0
36 33 32788.0 567500.0 -1.0
36 34 32788.0 565531.0 -1.0
36 35 32788.0 565562.0 -1.0
36 36 32788.0 32788.0 -1.0
36 37 32788.0 567497.0 -1.0
36 38 32788.0 566316.0 -1.0
36 39 32788.0 568056.0 -1.0
36 40 32788.0 565964.0 -1.0
36 41 32788.0 567618.0 -1.0
36 42 32788.0 565898.0 -1.0
37 1 567497.0 565675.0 -1.0
37 2 567497.0 565621.0 -1.0
37 3 567497.0 565667.0 -1.0
37 4 567497.0 567510.0 -1.0
37 5 567497.0 565801.0 -1.0
37 6 567497.0 566010.0 -1.0
37 7 567497.0 567891.0 -1.0
37 8 567497.0 565492.0 -1.0
37 9 567497.0 565558.0 -1.0
37 10 567497.0 565627.0 -1.0
37 11 567497.0 565572.0 -1.0
37 12 567497.0 565610.0 -1.0
37 13 567497.0 565859.0 -1.0
37 14 567497.0 565630.0 552.232404976764
37 15 567497.0 565559.0 -1.0
37 16 567497.0 565845.0 -1.0
37 17 567497.0 565527.0 -1.0
37 18 567497.0 565633.0 -1.0
37 19 567497.0 565496.0 -1.0
37 20 567497.0 565865.0 -1.0
37 21 567497.0 565773.0 -1.0
37 22 567497.0 567531.0 -1.0
37 23 567497.0 565516.0 -1.0
37 24 567497.0 565393.0 -1.0
37 25 567497.0 565753.0 439.006750618521
37 26 567497.0 33566.0 -1.0
37 27 567497.0 566074.0 -1.0
37 28 567497.0 565648.0 -1.0
37 29 567497.0 567526.0 -1.0
37 30 567497.0 565551.0 -1.0
37 31 567497.0 565631.0 -1.0
37 32 567497.0 565608.0 385.63764148785
37 33 567497.0 567500.0 -1.0
37 34 567497.0 565531.0 -1.0
37 35 567497.0 565562.0 -1.0
37 36 567497.0 32788.0 -1.0
37 37 567497.0 567497.0 -1.0
37 38 567497.0 566316.0 -1.0
37 39 567497.0 568056.0 -1.0
37 40 567497.0 565964.0 -1.0
37 41 567497.0 567618.0 360.694766800686
37 42 567497.0 565898.0 -1.0
38 1 566316.0 565675.0 -1.0
38 2 566316.0 565621.0 -1.0
38 3 566316.0 565667.0 -1.0
38 4 566316.0 567510.0 -1.0
38 5 566316.0 565801.0 -1.0
38 6 566316.0 566010.0 -1.0
38 7 566316.0 567891.0 390.412351107936
38 8 566316.0 565492.0 -1.0
38 9 566316.0 565558.0 421.398143524038
38 10 566316.0 565627.0 312.040932633893
38 11 566316.0 565572.0 406.77153916581
38 12 566316.0 565610.0 -1.0
38 13 566316.0 565859.0 -1.0
38 14 566316.0 565630.0 -1.0
38 15 566316.0 565559.0 216.129699618437
38 16 566316.0 565845.0 -1.0
38 17 566316.0 565527.0 -1.0
38 18 566316.0 565633.0 -1.0
38 19 566316.0 565496.0 -1.0
38 20 566316.0 565865.0 -1.0
38 21 566316.0 565773.0 -1.0
38 22 566316.0 567531.0 -1.0
38 23 566316.0 565516.0 -1.0
38 24 566316.0 565393.0 -1.0
38 25 566316.0 565753.0 -1.0
38 26 566316.0 33566.0 -1.0
38 27 566316.0 566074.0 -1.0
38 28 566316.0 565648.0 -1.0
38 29 566316.0 567526.0 -1.0
38 30 566316.0 565551.0 -1.0
38 31 566316.0 565631.0 -1.0
38 32 566316.0 565608.0 -1.0
38 33 566316.0 567500.0 -1.0
38 34 566316.0 565531.0 -1.0
38 35 566316.0 565562.0 -1.0
38 36 566316.0 32788.0 -1.0
38 37 566316.0 567497.0 -1.0
38 38 566316.0 566316.0 -1.0
38 39 566316.0 568056.0 -1.0
38 40 566316.0 565964.0 -1.0
38 41 566316.0 567618.0 -1.0
38 42 566316.0 565898.0 -1.0
39 1 568056.0 565675.0 -1.0
39 2 568056.0 565621.0 -1.0
39 3 568056.0 565667.0 344.312394568152
39 4 568056.0 567510.0 -1.0
39 5 568056.0 565801.0 -1.0
39 6 568056.0 566010.0 -1.0
39 7 568056.0 567891.0 410.077100570846
39 8 568056.0 565492.0 -1.0
39 9 568056.0 565558.0 -1.0
39 10 568056.0 565627.0 473.987872281813
39 11 568056.0 565572.0 -1.0
39 12 568056.0 565610.0 -1.0
39 13 568056.0 565859.0 -1.0
39 14 568056.0 565630.0 -1.0
39 15 568056.0 565559.0 -1.0
39 16 568056.0 565845.0 -1.0
39 17 568056.0 565527.0 -1.0
39 18 568056.0 565633.0 439.355873240384
39 19 568056.0 565496.0 -1.0
39 20 568056.0 565865.0 -1.0
39 21 568056.0 565773.0 -1.0
39 22 568056.0 567531.0 -1.0
39 23 568056.0 565516.0 -1.0
39 24 568056.0 565393.0 -1.0
39 25 568056.0 565753.0 -1.0
39 26 568056.0 33566.0 -1.0
39 27 568056.0 566074.0 -1.0
39 28 568056.0 565648.0 -1.0
39 29 568056.0 567526.0 -1.0
39 30 568056.0 565551.0 -1.0
39 31 568056.0 565631.0 -1.0
39 32 568056.0 565608.0 -1.0
39 33 568056.0 567500.0 -1.0
39 34 568056.0 565531.0 -1.0
39 35 568056.0 565562.0 -1.0
39 36 568056.0 32788.0 -1.0
39 37 568056.0 567497.0 -1.0
39 38 568056.0 566316.0 -1.0
39 39 568056.0 568056.0 -1.0
39 40 568056.0 565964.0 -1.0
39 41 568056.0 567618.0 -1.0
39 42 568056.0 565898.0 -1.0
40 1 565964.0 565675.0 -1.0
40 2 565964.0 565621.0 -1.0
40 3 565964.0 565667.0 -1.0
40 4 565964.0 567510.0 304.230042968592
40 5 565964.0 565801.0 -1.0
40 6 565964.0 566010.0 -1.0
40 7 565964.0 567891.0 -1.0
40 8 565964.0 565492.0 -1.0
40 9 565964.0 565558.0 -1.0
40 10 565964.0 565627.0 -1.0
40 11 565964.0 565572.0 -1.0
40 12 565964.0 565610.0 -1.0
40 13 565964.0 565859.0 -1.0
40 14 565964.0 565630.0 -1.0
40 15 565964.0 565559.0 -1.0
40 16 565964.0 565845.0 -1.0
40 17 565964.0 565527.0 -1.0
40 18 565964.0 565633.0 -1.0
40 19 565964.0 565496.0 -1.0
40 20 565964.0 565865.0 -1.0
40 21 565964.0 565773.0 -1.0
40 22 565964.0 567531.0 661.178084632111
40 23 565964.0 565516.0 -1.0
40 24 565964.0 565393.0 -1.0
40 25 565964.0 565753.0 -1.0
40 26 565964.0 33566.0 -1.0
40 27 565964.0 566074.0 -1.0
40 28 565964.0 565648.0 -1.0
40 29 565964.0 567526.0 253.370584106735
40 30 565964.0 565551.0 -1.0
40 31 565964.0 565631.0 -1.0
40 32 565964.0 565608.0 -1.0
40 33 565964.0 567500.0 -1.0
40 34 565964.0 565531.0 -1.0
40 35 565964.0 565562.0 -1.0
40 36 565964.0 32788.0 -1.0
40 37 565964.0 567497.0 -1.0
40 38 565964.0 566316.0 -1.0
40 39 565964.0 568056.0 -1.0
40 40 565964.0 565964.0 -1.0
40 41 565964.0 567618.0 -1.0
40 42 565964.0 565898.0 -1.0
41 1 567618.0 565675.0 -1.0
41 2 567618.0 565621.0 464.028122480497
41 3 567618.0 565667.0 -1.0
41 4 567618.0 567510.0 -1.0
41 5 567618.0 565801.0 514.88699219213
41 6 567618.0 566010.0 -1.0
41 7 567618.0 567891.0 -1.0
41 8 567618.0 565492.0 -1.0
41 9 567618.0 565558.0 -1.0
41 10 567618.0 565627.0 -1.0
41 11 567618.0 565572.0 -1.0
41 12 567618.0 565610.0 -1.0
41 13 567618.0 565859.0 -1.0
41 14 567618.0 565630.0 281.607070389895
41 15 567618.0 565559.0 -1.0
41 16 567618.0 565845.0 -1.0
41 17 567618.0 565527.0 -1.0
41 18 567618.0 565633.0 -1.0
41 19 567618.0 565496.0 -1.0
41 20 567618.0 565865.0 -1.0
41 21 567618.0 565773.0 -1.0
41 22 567618.0 567531.0 -1.0
41 23 567618.0 565516.0 -1.0
41 24 567618.0 565393.0 -1.0
41 25 567618.0 565753.0 532.705687926016
41 26 567618.0 33566.0 514.517974948971
41 27 567618.0 566074.0 -1.0
41 28 567618.0 565648.0 -1.0
41 29 567618.0 567526.0 -1.0
41 30 567618.0 565551.0 -1.0
41 31 567618.0 565631.0 -1.0
41 32 567618.0 565608.0 228.219892167719
41 33 567618.0 567500.0 -1.0
41 34 567618.0 565531.0 506.323390499867
41 35 567618.0 565562.0 -1.0
41 36 567618.0 32788.0 -1.0
41 37 567618.0 567497.0 360.694766800686
41 38 567618.0 566316.0 -1.0
41 39 567618.0 568056.0 -1.0
41 40 567618.0 565964.0 -1.0
41 41 567618.0 567618.0 -1.0
41 42 567618.0 565898.0 -1.0
42 1 565898.0 565675.0 465.233276507066
42 2 565898.0 565621.0 -1.0
42 3 565898.0 565667.0 -1.0
42 4 565898.0 567510.0 407.160700326008
42 5 565898.0 565801.0 591.839318569428
42 6 565898.0 566010.0 574.992519897826
42 7 565898.0 567891.0 -1.0
42 8 565898.0 565492.0 -1.0
42 9 565898.0 565558.0 -1.0
42 10 565898.0 565627.0 -1.0
42 11 565898.0 565572.0 -1.0
42 12 565898.0 565610.0 -1.0
42 13 565898.0 565859.0 -1.0
42 14 565898.0 565630.0 -1.0
42 15 565898.0 565559.0 -1.0
42 16 565898.0 565845.0 -1.0
42 17 565898.0 565527.0 -1.0
42 18 565898.0 565633.0 -1.0
42 19 565898.0 565496.0 -1.0
42 20 565898.0 565865.0 -1.0
42 21 565898.0 565773.0 -1.0
42 22 565898.0 567531.0 -1.0
42 23 565898.0 565516.0 -1.0
42 24 565898.0 565393.0 -1.0
42 25 565898.0 565753.0 -1.0
42 26 565898.0 33566.0 -1.0
42 27 565898.0 566074.0 -1.0
42 28 565898.0 565648.0 -1.0
42 29 565898.0 567526.0 507.959492576957
42 30 565898.0 565551.0 -1.0
42 31 565898.0 565631.0 317.884290878699
42 32 565898.0 565608.0 -1.0
42 33 565898.0 567500.0 350.670817248879
42 34 565898.0 565531.0 -1.0
42 35 565898.0 565562.0 -1.0
42 36 565898.0 32788.0 -1.0
42 37 565898.0 567497.0 -1.0
42 38 565898.0 566316.0 -1.0
42 39 565898.0 568056.0 -1.0
42 40 565898.0 565964.0 -1.0
42 41 565898.0 567618.0 -1.0
42 42 565898.0 565898.0 -1.0
