1 1 33109.0 33109.0 -1.0
1 2 33109.0 565696.0 -1.0
1 3 33109.0 566631.0 -1.0
1 4 33109.0 566720.0 336.091936676131
1 5 33109.0 566742.0 -1.0
1 6 33109.0 566747.0 -1.0
1 7 33109.0 566750.0 -1.0
1 8 33109.0 566751.0 434.573118005254
1 9 33109.0 566783.0 -1.0
1 10 33109.0 566798.0 218.228645458088
1 11 33109.0 566802.0 -1.0
1 12 33109.0 566967.0 -1.0
1 13 33109.0 566993.0 -1.0
1 14 33109.0 566999.0 608.535302838981
1 15 33109.0 567203.0 -1.0
1 16 33109.0 567238.0 -1.0
1 17 33109.0 567260.0 -1.0
1 18 33109.0 567322.0 -1.0
1 19 33109.0 567439.0 647.88035309665
1 20 33109.0 567443.0 -1.0
1 21 33109.0 567547.0 411.558977699785
1 22 33109.0 568098.0 -1.0
2 1 565696.0 33109.0 -1.0
2 2 565696.0 565696.0 -1.0
2 3 565696.0 566631.0 582.322915155186
2 4 565696.0 566720.0 -1.0
2 5 565696.0 566742.0 -1.0
2 6 565696.0 566747.0 -1.0
2 7 565696.0 566750.0 -1.0
2 8 565696.0 566751.0 -1.0
2 9 565696.0 566783.0 -1.0
2 10 565696.0 566798.0 -1.0
2 11 565696.0 566802.0 -1.0
2 12 565696.0 566967.0 406.566735371231
2 13 565696.0 566993.0 354.777896934529
2 14 565696.0 566999.0 -1.0
2 15 565696.0 567203.0 248.900606061764
2 16 565696.0 567238.0 612.249342904
2 17 565696.0 567260.0 -1.0
2 18 565696.0 567322.0 -1.0
2 19 565696.0 567439.0 -1.0
2 20 565696.0 567443.0 -1.0
2 21 565696.0 567547.0 -1.0
2 22 565696.0 568098.0 -1.0
3 1 566631.0 33109.0 -1.0
3 2 566631.0 565696.0 582.322915155186
3 3 566631.0 566631.0 -1.0
3 4 566631.0 566720.0 -1.0
3 5 566631.0 566742.0 -1.0
3 6 566631.0 566747.0 -1.0
3 7 566631.0 566750.0 586.661242226304
3 8 566631.0 566751.0 -1.0
3 9 566631.0 566783.0 417.392222933442
3 10 566631.0 566798.0 -1.0
3 11 566631.0 566802.0 -1.0
3 12 566631.0 566967.0 -1.0
3 13 566631.0 566993.0 240.849520433293
3 14 566631.0 566999.0 -1.0
3 15 566631.0 567203.0 -1.0
3 16 566631.0 567238.0 203.789325905778
3 17 566631.0 567260.0 655.972865272578
3 18 566631.0 567322.0 -1.0
3 19 566631.0 567439.0 -1.0
3 20 566631.0 567443.0 -1.0
3 21 566631.0 567547.0 -1.0
3 22 566631.0 568098.0 -1.0
4 1 566720.0 33109.0 336.091936676131
4 2 566720.0 565696.0 -1.0
4 3 566720.0 566631.0 -1.0
4 4 566720.0 566720.0 -1.0
4 5 566720.0 566742.0 -1.0
4 6 566720.0 566747.0 536.70499513651
4 7 566720.0 566750.0 -1.0
4 8 566720.0 566751.0 488.37698817487
4 9 566720.0 566783.0 -1.0
4 10 566720.0 566798.0 507.740440655028
4 11 566720.0 566802.0 -1.0
4 12 566720.0 566967.0 -1.0
4 13 566720.0 566993.0 -1.0
4 14 566720.0 566999.0 -1.0
4 15 566720.0 567203.0 -1.0
4 16 566720.0 567238.0 -1.0
4 17 566720.0 567260.0 -1.0
4 18 566720.0 567322.0 644.682291601627
4 19 566720.0 567439.0 -1.0
4 20 566720.0 567443.0 -1.0
4 21 566720.0 567547.0 -1.0
4 22 566720.0 568098.0 -1.0
5 1 566742.0 33109.0 -1.0
5 2 566742.0 565696.0 -1.0
5 3 566742.0 566631.0 -1.0
5 4 566742.0 566720.0 -1.0
5 5 566742.0 566742.0 -1.0
5 6 566742.0 566747.0 -1.0
5 7 566742.0 566750.0 491.412213471222
5 8 566742.0 566751.0 -1.0
5 9 566742.0 566783.0 448.552475912182
5 10 566742.0 566798.0 -1.0
5 11 566742.0 566802.0 661.311861138734
5 12 566742.0 566967.0 -1.0
5 13 566742.0 566993.0 -1.0
5 14 566742.0 566999.0 -1.0
5 15 566742.0 567203.0 -1.0
5 16 566742.0 567238.0 -1.0
5 17 566742.0 567260.0 160.207676595292
5 18 566742.0 567322.0 -1.0
5 19 566742.0 567439.0 -1.0
5 20 566742.0 567443.0 302.540406975971
5 21 566742.0 567547.0 -1.0
5 22 566742.0 568098.0 508.0149146194
6 1 566747.0 33109.0 -1.0
6 2 566747.0 565696.0 -1.0
6 3 566747.0 566631.0 -1.0
6 4 566747.0 566720.0 536.70499513651
6 5 566747.0 566742.0 -1.0
6 6 566747.0 566747.0 -1.0
6 7 566747.0 566750.0 -1.0
6 8 566747.0 566751.0 562.996967965237
6 9 566747.0 566783.0 -1.0
6 10 566747.0 566798.0 -1.0
6 11 566747.0 566802.0 -1.0
6 12 566747.0 566967.0 -1.0
6 13 566747.0 566993.0 -1.0
6 14 566747.0 566999.0 -1.0
6 15 566747.0 567203.0 -1.0
6 16 566747.0 567238.0 -1.0
6 17 566747.0 567260.0 -1.0
6 18 566747.0 567322.0 405.23049710379
6 19 566747.0 567439.0 -1.0
6 20 566747.0 567443.0 -1.0
6 21 566747.0 567547.0 -1.0
6 22 566747.0 568098.0 -1.0
7 1 566750.0 33109.0 -1.0
7 2 566750.0 565696.0 -1.0
7 3 566750.0 566631.0 586.661242226304
7 4 566750.0 566720.0 -1.0
7 5 566750.0 566742.0 491.412213471222
7 6 566750.0 566747.0 -1.0
7 7 566750.0 566750.0 -1.0
7 8 566750.0 566751.0 -1.0
7 9 566750.0 566783.0 517.133468494874
7 10 566750.0 566798.0 -1.0
7 11 566750.0 566802.0 441.414431546974
7 12 566750.0 566967.0 927.538179697801
7 13 566750.0 566993.0 657.402578209844
7 14 566750.0 566999.0 -1.0
7 15 566750.0 567203.0 -1.0
7 16 566750.0 567238.0 405.464788089366
7 17 566750.0 567260.0 442.838219732195
7 18 566750.0 567322.0 -1.0
7 19 566750.0 567439.0 625.958147851874
7 20 566750.0 567443.0 683.087553992435
7 21 566750.0 567547.0 -1.0
7 22 566750.0 568098.0 596.130444288231
8 1 566751.0 33109.0 434.573118005254
8 2 566751.0 565696.0 -1.0
8 3 566751.0 566631.0 -1.0
8 4 566751.0 566720.0 488.37698817487
8 5 566751.0 566742.0 -1.0
8 6 566751.0 566747.0 562.996967965237
8 7 566751.0 566750.0 -1.0
8 8 566751.0 566751.0 -1.0
8 9 566751.0 566783.0 -1.0
8 10 566751.0 566798.0 353.642404378108
8 11 566751.0 566802.0 660.372323674897
8 12 566751.0 566967.0 -1.0
8 13 566751.0 566993.0 -1.0
8 14 566751.0 566999.0 -1.0
8 15 566751.0 567203.0 -1.0
8 16 566751.0 567238.0 -1.0
8 17 566751.0 567260.0 -1.0
8 18 566751.0 567322.0 310.416434099838
8 19 566751.0 567439.0 313.866398590129
8 20 566751.0 567443.0 -1.0
8 21 566751.0 567547.0 454.511388157468
8 22 566751.0 568098.0 -1.0
9 1 566783.0 33109.0 -1.0
9 2 566783.0 565696.0 -1.0
9 3 566783.0 566631.0 417.392222933442
9 4 566783.0 566720.0 -1.0
9 5 566783.0 566742.0 448.552475912182
9 6 566783.0 566747.0 -1.0
9 7 566783.0 566750.0 517.133468494874
9 8 566783.0 566751.0 -1.0
9 9 566783.0 566783.0 -1.0
9 10 566783.0 566798.0 -1.0
9 11 566783.0 566802.0 -1.0
9 12 566783.0 566967.0 -1.0
9 13 566783.0 566993.0 644.082608230797
9 14 566783.0 566999.0 -1.0
9 15 566783.0 567203.0 -1.0
9 16 566783.0 567238.0 436.346428484134
9 17 566783.0 567260.0 288.785790293584
9 18 566783.0 567322.0 -1.0
9 19 566783.0 567439.0 -1.0
9 20 566783.0 567443.0 344.54594342897
9 21 566783.0 567547.0 -1.0
9 22 566783.0 568098.0 -1.0
10 1 566798.0 33109.0 218.228645458088
10 2 566798.0 565696.0 -1.0
10 3 566798.0 566631.0 -1.0
10 4 566798.0 566720.0 507.740440655028
10 5 566798.0 566742.0 -1.0
10 6 566798.0 566747.0 -1.0
10 7 566798.0 566750.0 -1.0
10 8 566798.0 566751.0 353.642404378108
10 9 566798.0 566783.0 -1.0
10 10 566798.0 566798.0 -1.0
10 11 566798.0 566802.0 -1.0
10 12 566798.0 566967.0 -1.0
10 13 566798.0 566993.0 -1.0
10 14 566798.0 566999.0 521.587595163728
10 15 566798.0 567203.0 -1.0
10 16 566798.0 567238.0 -1.0
10 17 566798.0 567260.0 -1.0
10 18 566798.0 567322.0 663.916987056811
10 19 566798.0 567439.0 469.009520334784
10 20 566798.0 567443.0 -1.0
10 21 566798.0 567547.0 201.519604952323
10 22 566798.0 568098.0 -1.0
11 1 566802.0 33109.0 -1.0
11 2 566802.0 565696.0 -1.0
11 3 566802.0 566631.0 -1.0
11 4 566802.0 566720.0 -1.0
11 5 566802.0 566742.0 661.311861138734
11 6 566802.0 566747.0 -1.0
11 7 566802.0 566750.0 441.414431546974
11 8 566802.0 566751.0 660.372323674897
11 9 566802.0 566783.0 -1.0
11 10 566802.0 566798.0 -1.0
11 11 566802.0 566802.0 -1.0
11 12 566802.0 566967.0 -1.0
11 13 566802.0 566993.0 -1.0
11 14 566802.0 566999.0 -1.0
11 15 566802.0 567203.0 -1.0
11 16 566802.0 567238.0 -1.0
11 17 566802.0 567260.0 -1.0
11 18 566802.0 567322.0 619.055644986177
11 19 566802.0 567439.0 397.323067693025
11 20 566802.0 567443.0 -1.0
11 21 566802.0 567547.0 -1.0
11 22 566802.0 568098.0 348.634135330657
12 1 566967.0 33109.0 -1.0
12 2 566967.0 565696.0 406.566735371231
12 3 566967.0 566631.0 -1.0
12 4 566967.0 566720.0 -1.0
12 5 566967.0 566742.0 -1.0
12 6 566967.0 566747.0 -1.0
12 7 566967.0 566750.0 927.538179697801
12 8 566967.0 566751.0 -1.0
12 9 566967.0 566783.0 -1.0
12 10 566967.0 566798.0 -1.0
12 11 566967.0 566802.0 -1.0
12 12 566967.0 566967.0 -1.0
12 13 566967.0 566993.0 573.623332186534
12 14 566967.0 566999.0 510.668678924801
12 15 566967.0 567203.0 447.967549926491
12 16 566967.0 567238.0 -1.0
12 17 566967.0 567260.0 -1.0
12 18 566967.0 567322.0 -1.0
12 19 566967.0 567439.0 975.183753448203
12 20 566967.0 567443.0 -1.0
12 21 566967.0 567547.0 694.213196588725
12 22 566967.0 568098.0 -1.0
13 1 566993.0 33109.0 -1.0
13 2 566993.0 565696.0 354.777896934529
13 3 566993.0 566631.0 240.849520433293
13 4 566993.0 566720.0 -1.0
13 5 566993.0 566742.0 -1.0
13 6 566993.0 566747.0 -1.0
13 7 566993.0 566750.0 657.402578209844
13 8 566993.0 566751.0 -1.0
13 9 566993.0 566783.0 644.082608230797
13 10 566993.0 566798.0 -1.0
13 11 566993.0 566802.0 -1.0
13 12 566993.0 566967.0 573.623332186534
13 13 566993.0 566993.0 -1.0
13 14 566993.0 566999.0 -1.0
13 15 566993.0 567203.0 603.678431189004
13 16 566993.0 567238.0 268.72785828426
13 17 566993.0 567260.0 -1.0
13 18 566993.0 567322.0 -1.0
13 19 566993.0 567439.0 -1.0
13 20 566993.0 567443.0 -1.0
13 21 566993.0 567547.0 -1.0
13 22 566993.0 568098.0 -1.0
14 1 566999.0 33109.0 608.535302838981
14 2 566999.0 565696.0 -1.0
14 3 566999.0 566631.0 -1.0
14 4 566999.0 566720.0 -1.0
14 5 566999.0 566742.0 -1.0
14 6 566999.0 566747.0 -1.0
14 7 566999.0 566750.0 -1.0
14 8 566999.0 566751.0 -1.0
14 9 566999.0 566783.0 -1.0
14 10 566999.0 566798.0 521.587595163728
14 11 566999.0 566802.0 -1.0
14 12 566999.0 566967.0 510.668678924801
14 13 566999.0 566993.0 -1.0
14 14 566999.0 566999.0 -1.0
14 15 566999.0 567203.0 -1.0
14 16 566999.0 567238.0 -1.0
14 17 566999.0 567260.0 -1.0
14 18 566999.0 567322.0 -1.0
14 19 566999.0 567439.0 -1.0
14 20 566999.0 567443.0 -1.0
14 21 566999.0 567547.0 436.413113803372
14 22 566999.0 568098.0 -1.0
15 1 567203.0 33109.0 -1.0
15 2 567203.0 565696.0 248.900606061764
15 3 567203.0 566631.0 -1.0
15 4 567203.0 566720.0 -1.0
15 5 567203.0 566742.0 -1.0
15 6 567203.0 566747.0 -1.0
15 7 567203.0 566750.0 -1.0
15 8 567203.0 566751.0 -1.0
15 9 567203.0 566783.0 -1.0
15 10 567203.0 566798.0 -1.0
15 11 567203.0 566802.0 -1.0
15 12 567203.0 566967.0 447.967549926491
15 13 567203.0 566993.0 603.678431189004
15 14 567203.0 566999.0 -1.0
15 15 567203.0 567203.0 -1.0
15 16 567203.0 567238.0 -1.0
15 17 567203.0 567260.0 -1.0
15 18 567203.0 567322.0 -1.0
15 19 567203.0 567439.0 -1.0
15 20 567203.0 567443.0 -1.0
15 21 567203.0 567547.0 -1.0
15 22 567203.0 568098.0 -1.0
16 1 567238.0 33109.0 -1.0
16 2 567238.0 565696.0 612.249342904
16 3 567238.0 566631.0 203.789325905778
16 4 567238.0 566720.0 -1.0
16 5 567238.0 566742.0 -1.0
16 6 567238.0 566747.0 -1.0
16 7 567238.0 566750.0 405.464788089366
16 8 567238.0 566751.0 -1.0
16 9 567238.0 566783.0 436.346428484134
16 10 567238.0 566798.0 -1.0
16 11 567238.0 566802.0 -1.0
16 12 567238.0 566967.0 -1.0
16 13 567238.0 566993.0 268.72785828426
16 14 567238.0 566999.0 -1.0
16 15 567238.0 567203.0 -1.0
16 16 567238.0 567238.0 -1.0
16 17 567238.0 567260.0 593.89140628102
16 18 567238.0 567322.0 -1.0
16 19 567238.0 567439.0 -1.0
16 20 567238.0 567443.0 -1.0
16 21 567238.0 567547.0 -1.0
16 22 567238.0 568098.0 -1.0
17 1 567260.0 33109.0 -1.0
17 2 567260.0 565696.0 -1.0
17 3 567260.0 566631.0 655.972865272578
17 4 567260.0 566720.0 -1.0
17 5 567260.0 566742.0 160.207676595292
17 6 567260.0 566747.0 -1.0
17 7 567260.0 566750.0 442.838219732195
17 8 567260.0 566751.0 -1.0
17 9 567260.0 566783.0 288.785790293584
17 10 567260.0 566798.0 -1.0
17 11 567260.0 566802.0 -1.0
17 12 567260.0 566967.0 -1.0
17 13 567260.0 566993.0 -1.0
17 14 567260.0 566999.0 -1.0
17 15 567260.0 567203.0 -1.0
17 16 567260.0 567238.0 593.89140628102
17 17 567260.0 567260.0 -1.0
17 18 567260.0 567322.0 -1.0
17 19 567260.0 567439.0 -1.0
17 20 567260.0 567443.0 244.05254649575
17 21 567260.0 567547.0 -1.0
17 22 567260.0 568098.0 633.725909341655
18 1 567322.0 33109.0 -1.0
18 2 567322.0 565696.0 -1.0
18 3 567322.0 566631.0 -1.0
18 4 567322.0 566720.0 644.682291601627
18 5 567322.0 566742.0 -1.0
18 6 567322.0 566747.0 405.23049710379
18 7 567322.0 566750.0 -1.0
18 8 567322.0 566751.0 310.416434099838
18 9 567322.0 566783.0 -1.0
18 10 567322.0 566798.0 663.916987056811
18 11 567322.0 566802.0 619.055644986177
18 12 567322.0 566967.0 -1.0
18 13 567322.0 566993.0 -1.0
18 14 567322.0 566999.0 -1.0
18 15 567322.0 567203.0 -1.0
18 16 567322.0 567238.0 -1.0
18 17 567322.0 567260.0 -1.0
18 18 567322.0 567322.0 -1.0
18 19 567322.0 567439.0 454.027921575302
18 20 567322.0 567443.0 -1.0
18 21 567322.0 567547.0 -1.0
18 22 567322.0 568098.0 845.939216454774
19 1 567439.0 33109.0 647.88035309665
19 2 567439.0 565696.0 -1.0
19 3 567439.0 566631.0 -1.0
19 4 567439.0 566720.0 -1.0
19 5 567439.0 566742.0 -1.0
19 6 567439.0 566747.0 -1.0
19 7 567439.0 566750.0 625.958147851874
19 8 567439.0 566751.0 313.866398590129
19 9 567439.0 566783.0 -1.0
19 10 567439.0 566798.0 469.009520334784
19 11 567439.0 566802.0 397.323067693025
19 12 567439.0 566967.0 975.183753448203
19 13 567439.0 566993.0 -1.0
19 14 567439.0 566999.0 -1.0
19 15 567439.0 567203.0 -1.0
19 16 567439.0 567238.0 -1.0
19 17 567439.0 567260.0 -1.0
19 18 567439.0 567322.0 454.027921575302
19 19 567439.0 567439.0 -1.0
19 20 567439.0 567443.0 -1.0
19 21 567439.0 567547.0 423.953924879904
19 22 567439.0 568098.0 -1.0
20 1 567443.0 33109.0 -1.0
20 2 567443.0 565696.0 -1.0
20 3 567443.0 566631.0 -1.0
20 4 567443.0 566720.0 -1.0
20 5 567443.0 566742.0 302.540406975971
20 6 567443.0 566747.0 -1.0
20 7 567443.0 566750.0 683.087553992435
20 8 567443.0 566751.0 -1.0
20 9 567443.0 566783.0 344.54594342897
20 10 567443.0 566798.0 -1.0
20 11 567443.0 566802.0 -1.0
20 12 567443.0 566967.0 -1.0
20 13 567443.0 566993.0 -1.0
20 14 567443.0 566999.0 -1.0
20 15 567443.0 567203.0 -1.0
20 16 567443.0 567238.0 -1.0
20 17 567443.0 567260.0 244.05254649575
20 18 567443.0 567322.0 -1.0
20 19 567443.0 567439.0 -1.0
20 20 567443.0 567443.0 -1.0
20 21 567443.0 567547.0 -1.0
20 22 567443.0 568098.0 -1.0
21 1 567547.0 33109.0 411.558977699785
21 2 567547.0 565696.0 -1.0
21 3 567547.0 566631.0 -1.0
21 4 567547.0 566720.0 -1.0
21 5 567547.0 566742.0 -1.0
21 6 567547.0 566747.0 -1.0
21 7 567547.0 566750.0 -1.0
21 8 567547.0 566751.0 454.511388157468
21 9 567547.0 566783.0 -1.0
21 10 567547.0 566798.0 201.519604952323
21 11 567547.0 566802.0 -1.0
21 12 567547.0 566967.0 694.213196588725
21 13 567547.0 566993.0 -1.0
21 14 567547.0 566999.0 436.413113803372
21 15 567547.0 567203.0 -1.0
21 16 567547.0 567238.0 -1.0
21 17 567547.0 567260.0 -1.0
21 18 567547.0 567322.0 -1.0
21 19 567547.0 567439.0 423.953924879904
21 20 567547.0 567443.0 -1.0
21 21 567547.0 567547.0 -1.0
21 22 567547.0 568098.0 -1.0
22 1 568098.0 33109.0 -1.0
22 2 568098.0 565696.0 -1.0
22 3 568098.0 566631.0 -1.0
22 4 568098.0 566720.0 -1.0
22 5 568098.0 566742.0 508.0149146194
22 6 568098.0 566747.0 -1.0
22 7 568098.0 566750.0 596.130444288231
22 8 568098.0 566751.0 -1.0
22 9 568098.0 566783.0 -1.0
22 10 568098.0 566798.0 -1.0
22 11 568098.0 566802.0 348.634135330657
22 12 568098.0 566967.0 -1.0
22 13 568098.0 566993.0 -1.0
22 14 568098.0 566999.0 -1.0
22 15 568098.0 567203.0 -1.0
22 16 568098.0 567238.0 -1.0
22 17 568098.0 567260.0 633.725909341655
22 18 568098.0 567322.0 845.939216454774
22 19 568098.0 567439.0 -1.0
22 20 568098.0 567443.0 -1.0
22 21 568098.0 567547.0 -1.0
22 22 568098.0 568098.0 -1.0
