32775.0 102.684 25.06
32776.0 102.704 25.0432
32777.0 102.706 25.03023
32778.0 102.709 24.998528
32788.0 102.715 24.98496
32789.0 102.728 25.006666
32841.0 102.719 25.021111
32881.0 102.685 25.0475
32997.0 102.736 25.006388
33048.0 102.717 24.977778
33051.0 102.74 25.025007
33063.0 102.728 25.01793
33067.0 102.707 25.0186
33069.0 102.718 25.07053
33070.0 102.731 25.05725
33073.0 102.786 25.09205
33074.0 102.761 25.079938
33075.0 102.76 25.075725
33077.0 102.719 25.037206
33078.0 102.757 25.07601
33079.0 102.764 25.07934
33094.0 102.716 25.048055
33095.0 102.716 25.0771
33096.0 102.755 25.09944
33099.0 102.735 25.049904
33100.0 102.727 25.06593
33106.0 102.725 25.088914
33108.0 102.716 25.053948
33109.0 102.761 25.043139
33110.0 102.731 25.086404
33111.0 102.727 25.09178
33112.0 102.734 25.084612
33113.0 102.743 25.075812
33114.0 102.742 25.07373
33115.0 102.741 25.0721
33116.0 102.751 25.07364
33117.0 102.734 25.0486
33118.0 102.731 25.08811
33119.0 102.724 25.050311
33120.0 102.721 25.0797
33122.0 102.676 25.05218
33132.0 102.693 25.05319
33133.0 102.693 25.047132
33134.0 102.71 25.047308
33140.0 102.705 25.0524
33153.0 102.737 25.01661
33155.0 102.738 25.0182
33156.0 102.74 25.00392
33157.0 102.753 25.00966
33158.0 102.753 25.03358
33159.0 102.748 25.027152
33160.0 102.76 25.032181
33161.0 102.739 25.00108
33162.0 102.757 24.97146
33163.0 102.738 25.03018
33164.0 102.724 25.02093
33172.0 102.724 25.013982
33180.0 102.698 24.9878
33181.0 102.675 25.00996
33182.0 102.681 25.033874
33184.0 102.702 25.02281
33186.0 102.691 25.032387
33192.0 102.709 24.98496
33194.0 102.713 25.01367
33195.0 102.702 25.028372
33234.0 102.759 25.01729
33235.0 102.745 24.961261
33237.0 102.895 25.050191
33238.0 102.77 24.999525
33246.0 102.728 25.063905
33248.0 102.77 25.07832
33545.0 102.787 24.99018
33547.0 102.743 24.978506
33562.0 102.727 25.086788
33566.0 102.733 25.00237
33575.0 102.748 25.06329
33577.0 102.755 25.090327
33589.0 102.692 24.98608
33629.0 102.692 24.995
33635.0 102.701 25.0452
33636.0 102.7 25.0228
564499.0 102.867 25.09281
564595.0 102.836 25.095833
565025.0 102.895 25.095
565026.0 102.872 25.01466
565027.0 102.872 25.026944
565028.0 102.872 25.022222
565029.0 102.874 25.062222
565030.0 102.868 25.031944
565031.0 102.868 25.042777
565033.0 102.88 25.078888
565034.0 102.866 25.060555
565035.0 102.868 25.026388
565036.0 102.859 25.034
565037.0 102.882 25.037222
565041.0 102.782 25.076666
565042.0 102.735 25.042222
565043.0 102.805 25.05161
565044.0 102.803 25.0675
565045.0 102.783 25.095833
565046.0 102.78 25.09017
565047.0 102.812 25.065
565048.0 102.769 25.089444
565051.0 102.713 25.0392
565052.0 102.698 25.04949
565334.0 102.701 25.06142
565350.0 102.764 25.05988
565352.0 102.699 25.06164
565354.0 102.695 25.060968
565355.0 102.705 25.05367
565356.0 102.7 25.046022
565360.0 102.748 25.00737
565365.0 102.694 25.0496
565366.0 102.696 25.0491
565367.0 102.693 25.05213
565368.0 102.689 25.05273
565369.0 102.689 25.04761
565370.0 102.687 25.0493
565371.0 102.694 25.04252
565378.0 102.682 25.04501
565379.0 102.743 25.03291
565380.0 102.741 25.02796
565381.0 102.678 25.04748
565382.0 102.691 25.05485
565383.0 102.684 25.04779
565393.0 102.714 24.9832
565395.0 102.724 25.02206
565396.0 102.732 25.03769
565397.0 102.796 24.99763
565402.0 102.747 24.989974
565403.0 102.723 24.98095
565407.0 102.693 25.05614
565408.0 102.734 25.01446
565410.0 102.715 25.0187
565412.0 102.755 25.004543
565414.0 102.766 24.970866
565415.0 102.731 25.03302
565416.0 102.767 24.99489
565419.0 102.724 25.0172
565420.0 102.706 25.04153
565424.0 102.766 24.98025
565427.0 102.692 24.98387
565430.0 102.782 25.00177
565431.0 102.74 25.00689
565433.0 102.749 24.992203
565435.0 102.755 24.99419
565436.0 102.736 25.03555
565438.0 102.774 24.98175
565440.0 102.731 25.02333
565442.0 102.697 25.02861
565445.0 102.727 25.0204
565448.0 102.723 25.00818
565450.0 102.721 25.00761
565454.0 102.758 25.08773
565455.0 102.76 25.06403
565456.0 102.75 25.0143
565457.0 102.738 25.01349
565458.0 102.754 25.01457
565459.0 102.747 25.01272
565461.0 102.743 25.01934
565463.0 102.742 25.01567
565464.0 102.757 24.96133
565466.0 102.746 24.9555
565468.0 102.752 24.96269
565471.0 102.743 24.96711
565472.0 102.739 24.969185
565473.0 102.748 24.96125
565477.0 102.725 25.04138
565478.0 102.787 24.98666
565479.0 102.738 25.03708
565480.0 102.782 24.98055
565481.0 102.743 24.98227
565482.0 102.73 25.02891
565486.0 102.769 25.0048
565487.0 102.758 25.00909
565488.0 102.753 25.02049
565489.0 102.752 25.02295
565490.0 102.744 25.00821
565491.0 102.756 25.00042
565492.0 102.726 24.99137
565494.0 102.749 24.988197
565496.0 102.73 24.99315
565497.0 102.745 24.97966
565498.0 102.74 24.9795
565501.0 102.727 25.02911
565505.0 102.739 25.01585
565506.0 102.779 25.0012
565508.0 102.772 24.99148
565509.0 102.753 24.98119
565510.0 102.773 24.9867
565512.0 102.727 24.97864
565513.0 102.747 25.01923
565514.0 102.782 24.99426
565516.0 102.719 24.98908
565520.0 102.782 25.0055
565521.0 102.795 24.990833
565522.0 102.795 24.99438
565523.0 102.719 25.02848
565524.0 102.729 25.0141
565525.0 102.771 24.9824
565526.0 102.736 25.02532
565527.0 102.731 24.99065
565529.0 102.754 24.96711
565531.0 102.733 25.001
565532.0 102.763 25.0001
565535.0 102.757 25.02015
565537.0 102.768 24.968428
565547.0 102.791 25.00261
565550.0 102.701 25.03251
565551.0 102.722 24.99044
565558.0 102.723 24.98729
565559.0 102.721 24.98533
565560.0 102.733 25.02974
565561.0 102.74 24.99878
565562.0 102.721 25.00459
565563.0 102.75 25.00889
565564.0 102.775 24.97399
565565.0 102.775 24.99364
565566.0 102.77 25.00208
565571.0 102.719 25.01253
565572.0 102.718 24.98313
565576.0 102.769 24.97903
565577.0 102.719 25.01994
565578.0 102.769 25.01036
565579.0 102.772 25.00891
565582.0 102.767 25.01202
565584.0 102.798 24.99042
565585.0 102.801 24.99564
565587.0 102.7 25.0438
565592.0 102.746 25.00531
565593.0 102.734 25.00464
565594.0 102.761 25.00825
565595.0 102.763 25.006393
565596.0 102.728 24.97195
565598.0 102.697 25.057968
565600.0 102.736 24.968107
565601.0 102.722 25.00624
565602.0 102.758 24.967238
565604.0 102.763 25.01156
565605.0 102.756 24.98522
565606.0 102.743 25.023374
565607.0 102.74 25.01954
565608.0 102.73 25.0024
565609.0 102.778 24.996498
565610.0 102.717 24.98675
565612.0 102.745 24.96667
565613.0 102.754 24.964484
565616.0 102.721 25.03411
565618.0 102.728 25.02594
565620.0 102.74 25.03436
565621.0 102.73 24.99768
565622.0 102.735 25.00954
565623.0 102.731 25.01009
565624.0 102.732 25.01159
565625.0 102.73 25.00758
565627.0 102.725 24.98292
565630.0 102.726 24.99967
565631.0 102.72 24.99991
565632.0 102.723 25.02816
565633.0 102.727 24.98867
565634.0 102.73 25.02088
565635.0 102.748 25.03577
565636.0 102.719 25.03187
565637.0 102.767 25.00968
565638.0 102.721 25.01997
565639.0 102.777 25.00708
565640.0 102.758 25.00573
565641.0 102.761 25.00364
565642.0 102.751 25.02908
565643.0 102.756 24.99704
565645.0 102.704 25.05773
565646.0 102.763 24.99391
565647.0 102.76 24.99776
565648.0 102.728 24.99528
565652.0 102.746 25.00999
565654.0 102.724 25.03103
565657.0 102.778 24.97742
565658.0 102.76 24.96316
565659.0 102.758 24.96504
565660.0 102.724 25.02648
565661.0 102.756 24.97531
565664.0 102.729 24.967104
565665.0 102.752 24.95882
565666.0 102.729 24.98248
565667.0 102.732 24.98664
565668.0 102.732 24.98221
565669.0 102.696 25.04662
565671.0 102.773 24.97654
565672.0 102.712 25.040636
565673.0 102.777 24.9815
565674.0 102.769 24.97507
565675.0 102.72 24.99393
565676.0 102.74 24.95721
565677.0 102.784 25.000929
565678.0 102.783 24.988834
565680.0 102.759 24.9942
565681.0 102.758 24.99004
565682.0 102.76 25.00045
565684.0 102.776 24.989412
565689.0 102.735 24.99719
565691.0 102.732 25.00657
565695.0 102.706 25.03921
565696.0 102.747 25.0413
565705.0 102.783 24.99846
565710.0 102.732 24.96735
565719.0 102.724 25.01429
565720.0 102.735 24.9946
565721.0 102.731 25.01599
565722.0 102.715 25.02351
565723.0 102.758 24.98266
565724.0 102.715 25.02158
565726.0 102.754 24.9711
565728.0 102.732 25.00897
565729.0 102.719 25.02448
565732.0 102.761 24.98979
565733.0 102.764 24.98998
565734.0 102.766 24.98597
565735.0 102.762 24.98757
565736.0 102.76 24.97099
565737.0 102.76 24.97677
565739.0 102.779 24.984847
565740.0 102.772 24.99462
565743.0 102.77 24.988023
565744.0 102.776 25.002836
565745.0 102.721 25.02244
565749.0 102.735 25.02337
565750.0 102.759 25.06022
565753.0 102.723 25.00299
565754.0 102.733 25.01738
565755.0 102.733 25.02196
565756.0 102.746 24.98604
565757.0 102.715 25.02998
565758.0 102.766 24.97713
565759.0 102.774 25.00044
565760.0 102.751 24.98535
565764.0 102.736 24.9774
565765.0 102.734 24.97236
565766.0 102.766 25.00183
565767.0 102.764 25.01528
565768.0 102.766 25.00589
565773.0 102.733 24.99605
565774.0 102.737 25.01158
565775.0 102.739 25.03338
565780.0 102.74 25.01175
565800.0 102.741 24.98383
565801.0 102.723 25.00049
565804.0 102.737 25.04005
565805.0 102.774 25.005833
565806.0 102.764 24.974087
565808.0 102.772 24.973
565810.0 102.777 24.99213
565813.0 102.78 24.99046
565817.0 102.735 25.0325
565819.0 102.783 24.98405
565820.0 102.729 25.04168
565822.0 102.682 25.03012
565824.0 102.687 24.99608
565827.0 102.715 25.03603
565828.0 102.713 25.03191
565829.0 102.704 25.02925
565830.0 102.712 25.03488
565832.0 102.709 25.03586
565835.0 102.685 24.99159
565840.0 102.779 25.00424
565841.0 102.704 24.98862
565844.0 102.71 24.98784
565845.0 102.713 25.00266
565850.0 102.678 25.01278
565851.0 102.676 25.01611
565857.0 102.682 25.01033
565859.0 102.714 24.98579
565861.0 102.688 25.02981
565864.0 102.679 25.033205
565865.0 102.711 24.98294
565868.0 102.678 25.0406
565869.0 102.689 25.00859
565877.0 102.703 25.02029
565878.0 102.677 25.03738
565881.0 102.68 24.99802
565883.0 102.702 24.99037
565884.0 102.675 25.03436
565885.0 102.707 25.01229
565888.0 102.716 25.01123
565889.0 102.709 25.00537
565894.0 102.708 24.98295
565896.0 102.704 24.98241
565898.0 102.718 24.9977
565900.0 102.71 25.00165
565902.0 102.683 25.03643
565903.0 102.699 25.0311
565904.0 102.688 25.03977
565905.0 102.69 25.03602
565906.0 102.688 25.03428
565912.0 102.687 25.03651
565913.0 102.683 25.04179
565914.0 102.685 25.01475
565925.0 102.702 24.98491
565926.0 102.703 25.02549
565950.0 102.697 25.02454
565951.0 102.693 25.03125
565955.0 102.706 25.02363
565957.0 102.71 25.03328
565958.0 102.709 25.02318
565961.0 102.705 24.99633
565962.0 102.704 24.99281
565964.0 102.711 24.99689
565965.0 102.683 25.02012
565968.0 102.707 25.00328
565969.0 102.68 25.00414
565970.0 102.678 25.00308
565971.0 102.679 25.01667
565973.0 102.693 25.02066
565974.0 102.71 25.01311
565975.0 102.704 25.01536
565976.0 102.732 25.05858
565978.0 102.713 24.97657
565979.0 102.688 25.02337
565980.0 102.688 25.02124
565981.0 102.68 25.01147
565982.0 102.683 24.99567
565983.0 102.708 24.99086
565986.0 102.683 25.00852
565994.0 102.687 25.03241
565997.0 102.711 25.018776
565998.0 102.682 25.01405
565999.0 102.694 25.02673
566000.0 102.714 25.00803
566002.0 102.686 25.00994
566003.0 102.681 25.04055
566004.0 102.677 25.04196
566005.0 102.686 25.01923
566006.0 102.678 25.04459
566007.0 102.693 25.00913
566010.0 102.717 25.00279
566011.0 102.711 25.01664
566012.0 102.717 25.00566
566013.0 102.704 24.97406
566018.0 102.772 25.0862
566022.0 102.676 24.99248
566023.0 102.688 25.00276
566026.0 102.699 24.97497
566028.0 102.685 25.02209
566031.0 102.69 25.01408
566038.0 102.686 24.98032
566040.0 102.684 24.99853
566044.0 102.701 25.01675
566048.0 102.689 24.99328
566049.0 102.702 25.01001
566054.0 102.71 25.03491
566055.0 102.688 24.9867
566057.0 102.694 25.058981
566058.0 102.696 25.03157
566059.0 102.684 25.03119
566065.0 102.712 25.02957
566066.0 102.695 24.97851
566067.0 102.702 25.03517
566068.0 102.696 24.99931
566069.0 102.694 25.01239
566072.0 102.709 24.9734
566073.0 102.698 24.98295
566074.0 102.715 24.99039
566079.0 102.696 25.021584
566080.0 102.682 25.01132
566081.0 102.69 24.9962
566082.0 102.705 25.01853
566083.0 102.691 25.01077
566090.0 102.687 25.04281
566091.0 102.675 25.01318
566092.0 102.696 24.99005
566093.0 102.702 24.995
566095.0 102.692 25.02851
566112.0 102.729 25.05302
566134.0 102.715 25.041899
566159.0 102.706 25.059788
566224.0 102.754 25.06449
566225.0 102.757 25.0634
566226.0 102.733 25.05422
566259.0 102.701 25.048215
566260.0 102.698 25.0514
566261.0 102.709 25.054375
566262.0 102.711 25.0527
566263.0 102.71 25.048576
566277.0 102.713 25.052523
566278.0 102.704 25.04825
566280.0 102.709 25.051518
566289.0 102.714 25.043275
566293.0 102.714 25.04479
566297.0 102.729 25.05612
566298.0 102.708 25.02891
566306.0 102.714 25.04857
566309.0 102.708 25.037809
566310.0 102.711 25.040399
566314.0 102.702 25.04461
566315.0 102.705 25.03625
566316.0 102.722 24.983611
566320.0 102.7 25.03926
566321.0 102.679 25.02918
566324.0 102.699 25.04212
566327.0 102.707 25.04558
566328.0 102.711 25.04295
566342.0 102.697 25.04139
566343.0 102.677 25.05719
566344.0 102.685 25.05588
566354.0 102.695 25.05141
566362.0 102.755 25.06658
566363.0 102.761 25.06599
566368.0 102.678 25.05902
566370.0 102.697 25.044403
566391.0 102.68 25.05234
566392.0 102.693 25.03761
566393.0 102.691 25.03878
566394.0 102.696 25.0384
566399.0 102.688 25.057166
566403.0 102.678 25.05546
566404.0 102.693 25.03451
566412.0 102.705 25.06303
566414.0 102.694 25.05383
566415.0 102.708 25.0463
566416.0 102.685 25.05222
566422.0 102.713 25.05487
566423.0 102.712 25.04485
566432.0 102.715 25.03878
566442.0 102.714 25.04662
566447.0 102.699 25.04023
566449.0 102.707 25.04081
566451.0 102.71 25.06001
566459.0 102.684 25.04984
566467.0 102.68 25.06004
566468.0 102.71 25.06299
566472.0 102.686 25.05138
566474.0 102.71 25.039797
566475.0 102.708 25.03916
566483.0 102.709 25.058058
566486.0 102.711 25.037437
566492.0 102.71 25.041216
566496.0 102.707 25.0496
566535.0 102.734 25.0404
566557.0 102.772 25.09769
566590.0 102.741 25.06598
566591.0 102.748 25.06131
566592.0 102.729 25.06515
566593.0 102.726 25.03823
566596.0 102.733 25.072447
566597.0 102.724 25.04577
566598.0 102.741 25.046085
566599.0 102.739 25.06927
566600.0 102.742 25.04783
566601.0 102.724 25.05235
566602.0 102.746 25.05753
566603.0 102.722 25.043708
566604.0 102.74 25.06162
566605.0 102.722 25.03693
566607.0 102.729 25.05945
566608.0 102.73 25.0689
566610.0 102.721 25.06708
566611.0 102.721 25.07306
566612.0 102.73 25.04096
566614.0 102.723 25.0698
566615.0 102.72 25.06447
566616.0 102.726 25.05404
566623.0 102.739 25.049835
566624.0 102.733 25.06489
566625.0 102.724 25.04943
566626.0 102.733 25.06149
566627.0 102.725 25.064571
566628.0 102.723 25.07573
566629.0 102.736 25.06903
566631.0 102.746 25.046457
566634.0 102.719 25.04976
566635.0 102.736 25.05523
566636.0 102.736 25.05309
566637.0 102.73 25.049165
566638.0 102.735 25.042381
566639.0 102.718 25.0557
566641.0 102.75 25.069675
566643.0 102.744 25.05965
566644.0 102.737 25.062824
566645.0 102.739 25.043411
566646.0 102.748 25.06559
566647.0 102.726 25.05759
566648.0 102.712 25.06329
566650.0 102.716 25.04661
566651.0 102.729 25.0444
566652.0 102.738 25.047661
566653.0 102.716 25.05108
566654.0 102.751 25.06697
566655.0 102.727 25.06794
566656.0 102.723 25.06148
566657.0 102.737 25.050089
566658.0 102.744 25.05438
566660.0 102.718 25.07312
566662.0 102.728 25.07489
566664.0 102.735 25.065727
566666.0 102.718 25.06268
566668.0 102.714 25.05761
566669.0 102.732 25.04735
566670.0 102.72 25.04582
566671.0 102.743 25.04148
566673.0 102.732 25.06352
566674.0 102.717 25.06995
566677.0 102.722 25.05223
566678.0 102.713 25.05983
566679.0 102.742 25.04471
566680.0 102.713 25.06824
566681.0 102.719 25.07741
566682.0 102.716 25.04944
566684.0 102.732 25.04388
566686.0 102.718 25.05323
566711.0 102.698 25.056383
566712.0 102.679 25.04369
566714.0 102.742 25.05291
566716.0 102.717 25.05784
566717.0 102.725 25.07856
566718.0 102.731 25.07671
566719.0 102.737 25.07667
566720.0 102.764 25.04446
566722.0 102.732 25.08386
566724.0 102.726 25.06952
566725.0 102.759 25.07765
566726.0 102.763 25.09098
566728.0 102.776 25.043888
566730.0 102.8 25.04476
566731.0 102.767 25.0544
566732.0 102.757 25.05789
566734.0 102.749 25.09179
566735.0 102.753 25.07239
566737.0 102.731 25.08485
566738.0 102.751 25.079166
566739.0 102.739 25.05427
566740.0 102.729 25.06275
566741.0 102.736 25.09703
566742.0 102.749 25.05319
566743.0 102.772 25.04996
566744.0 102.752 25.05733
566745.0 102.769 25.04359
566747.0 102.765 25.0492
566748.0 102.721 25.08073
566749.0 102.734 25.0775
566750.0 102.751 25.04916
566751.0 102.76 25.04694
566753.0 102.738 25.09538
566754.0 102.732 25.0925
566755.0 102.729 25.09068
566756.0 102.741 25.09185
566757.0 102.735 25.08825
566758.0 102.727 25.08136
566759.0 102.761 25.09551
566761.0 102.746 25.055
566762.0 102.746 25.10047
566763.0 102.767 25.09286
566764.0 102.75 25.07566
566765.0 102.748 25.07805
566766.0 102.747 25.07411
566767.0 102.755 25.0933
566768.0 102.741 25.07621
566769.0 102.728 25.06994
566770.0 102.768 25.10243
566772.0 102.75 25.07291
566773.0 102.741 25.08173
566775.0 102.777 25.04042
566776.0 102.794 25.08555
566777.0 102.747 25.08056
566778.0 102.787 25.03998
566779.0 102.768 25.03981
566781.0 102.782 25.04231
566783.0 102.746 25.05021
566784.0 102.791 25.03979
566785.0 102.79 25.0544
566786.0 102.795 25.0895
566787.0 102.785 25.09031
566788.0 102.737 25.05893
566789.0 102.737 25.0725
566793.0 102.716 25.06501
566794.0 102.724 25.0721
566795.0 102.778 25.050827
566796.0 102.701 25.04095
566798.0 102.759 25.043892
566799.0 102.742 25.078428
566801.0 102.755 25.078419
566802.0 102.755 25.050779
566803.0 102.741 25.05394
566804.0 102.742 25.04308
566805.0 102.72 25.036944
566806.0 102.743 25.08971
566821.0 102.895 25.068055
566864.0 102.711 25.02706
566865.0 102.69 25.03229
566871.0 102.736 25.10088
566874.0 102.73 25.09895
566877.0 102.728 25.09512
566895.0 102.74 25.03019
566941.0 102.742 24.96049
566942.0 102.843 25.03769
566943.0 102.782 25.01902
566944.0 102.735 25.03811
566945.0 102.871 25.0472
566946.0 102.889 25.05146
566947.0 102.884 25.05077
566948.0 102.878 25.04942
566949.0 102.874 25.04782
566956.0 102.754 25.06
566957.0 102.772 25.02147
566958.0 102.754 25.03501
566960.0 102.89 25.05914
566963.0 102.754 25.03168
566965.0 102.775 25.03839
566966.0 102.82 25.03464
566967.0 102.751 25.04082
566968.0 102.887 25.06884
566969.0 102.758 25.03616
566970.0 102.781 25.02208
566971.0 102.77 25.01896
566972.0 102.774 25.01615
566974.0 102.767 25.025
566975.0 102.776 25.02295
566976.0 102.769 25.0224
566977.0 102.883 25.05617
566978.0 102.778 25.01629
566979.0 102.763 25.02605
566980.0 102.762 25.02931
566981.0 102.757 25.02602
566982.0 102.761 25.02197
566983.0 102.777 25.03532
566984.0 102.767 25.02933
566985.0 102.749 24.96615
566986.0 102.759 25.02814
566987.0 102.763 25.03573
566988.0 102.765 25.03384
566989.0 102.782 25.01369
566990.0 102.833 25.03204
566991.0 102.854 25.04113
566992.0 102.86 25.04585
566993.0 102.747 25.04449
566996.0 102.872 25.05215
566997.0 102.775 24.97055
566999.0 102.756 25.04007
567002.0 102.746 25.02848
567003.0 102.694 25.04531
567007.0 102.77 25.027222
567008.0 102.772 25.03164
567009.0 102.769 25.033055
567010.0 102.756 25.02861
567011.0 102.785 25.02575
567016.0 102.79 25.01929
567021.0 102.881 25.04585
567023.0 102.777 25.01872
567025.0 102.716 25.032447
567027.0 102.787 25.02166
567041.0 102.763 25.06409
567058.0 102.712 25.04949
567059.0 102.709 25.04235
567061.0 102.7 25.05302
567063.0 102.691 25.057004
567067.0 102.696 25.03577
567071.0 102.69 25.04427
567072.0 102.693 25.040277
567073.0 102.689 25.058611
567074.0 102.722 25.096388
567075.0 102.75 24.975883
567076.0 102.723 25.03982
567077.0 102.726 25.070347
567078.0 102.714 25.07369
567081.0 102.74 25.04139
567082.0 102.719 25.05898
567087.0 102.732 25.05213
567088.0 102.721 25.043329
567089.0 102.743 25.0384
567091.0 102.719 25.069267
567094.0 102.722 25.05594
567095.0 102.739 25.05618
567097.0 102.775 24.995555
567098.0 102.725 25.02284
567099.0 102.74 25.019444
567109.0 102.702 25.02768
567110.0 102.691 25.02258
567111.0 102.709 25.03075
567116.0 102.706 25.02066
567125.0 102.726 25.073
567129.0 102.697 25.04751
567130.0 102.691 25.04101
567133.0 102.736 25.05725
567134.0 102.734 25.04517
567135.0 102.727 25.04636
567137.0 102.743 25.05619
567138.0 102.719 25.035278
567139.0 102.744 25.02922
567149.0 102.681 24.99955
567157.0 102.808 25.0416
567157.0 102.812 25.03658
567159.0 102.686 25.005124
567163.0 102.744 25.015342
567167.0 102.774 24.99843
567173.0 102.696 25.00219
567175.0 102.697 25.003077
567183.0 102.739 24.96481
567184.0 102.739 24.9623
567188.0 102.687 24.983302
567190.0 102.731 25.07891
567191.0 102.727 25.0772
567193.0 102.728 25.07907
567194.0 102.874 25.028611
567199.0 102.684 25.024688
567202.0 102.733 25.09045
567203.0 102.747 25.039062
567204.0 102.677 25.00758
567205.0 102.68 25.00805
567207.0 102.726 25.04313
567208.0 102.75 25.082222
567209.0 102.778 25.024444
567212.0 102.685 25.038284
567220.0 102.793 25.001207
567222.0 102.791 25.039722
567224.0 102.687 25.01296
567231.0 102.719 25.065075
567232.0 102.711 25.058055
567236.0 102.746 25.026111
567238.0 102.748 25.04673
567241.0 102.752 24.99916
567244.0 102.784 25.05397
567245.0 102.73 25.08245
567248.0 102.719 24.978055
567256.0 102.754 25.055555
567257.0 102.738 25.04528
567258.0 102.805 25.08606
567260.0 102.748 25.05207
567261.0 102.694 24.987222
567263.0 102.719 25.04209
567264.0 102.723 25.041305
567265.0 102.76 25.083333
567266.0 102.689 25.00074
567267.0 102.753 25.085
567269.0 102.764 24.99736
567270.0 102.767 24.9983
567285.0 102.749 25.01732
567286.0 102.68 25.019836
567287.0 102.696 25.006666
567290.0 102.77 25.10037
567291.0 102.749 25.08686
567292.0 102.746 25.09517
567293.0 102.745 25.092639
567294.0 102.745 24.9625
567295.0 102.687 25.016888
567298.0 102.682 25.01702
567299.0 102.758 25.06988
567303.0 102.769 24.98569
567306.0 102.752 25.027222
567310.0 102.739 25.00841
567313.0 102.738 25.08
567315.0 102.738 25.00442
567319.0 102.761 24.97945
567320.0 102.753 25.018055
567322.0 102.761 25.04958
567323.0 102.763 24.96992
567326.0 102.677 25.020277
567328.0 102.739 25.08912
567336.0 102.87 25.036666
567342.0 102.751 25.084444
567347.0 102.757 25.08011
567353.0 102.681 25.0252
567354.0 102.726 25.03216
567355.0 102.743 25.011111
567357.0 102.709 24.97619
567376.0 102.747 25.06812
567381.0 102.769 24.99274
567387.0 102.71 24.998866
567389.0 102.741 25.053888
567409.0 102.688 25.054722
567411.0 102.881 25.051111
567413.0 102.693 24.998634
567415.0 102.745 25.07616
567417.0 102.726 25.009262
567422.0 102.719 25.096666
567439.0 102.757 25.0477
567440.0 102.747 25.08878
567441.0 102.763 25.056666
567442.0 102.699 25.0478
567443.0 102.746 25.053308
567457.0 102.706 25.040277
567459.0 102.724 25.082222
567461.0 102.701 24.981319
567465.0 102.754 25.01175
567467.0 102.721 25.095257
567469.0 102.735 25.0819
567470.0 102.734 25.085761
567474.0 102.698 25.021082
567481.0 102.694 24.997222
567483.0 102.683 25.00255
567485.0 102.754 25.08734
567488.0 102.745 24.95842
567489.0 102.886 25.04014
567491.0 102.707 24.9864
567492.0 102.698 25.036379
567494.0 102.727 25.083888
567497.0 102.727 25.004552
567498.0 102.714 25.061944
567500.0 102.717 24.99468
567505.0 102.762 25.07684
567506.0 102.704 24.97184
567510.0 102.714 24.99719
567515.0 102.746 25.088333
567522.0 102.738 24.994444
567524.0 102.68 25.00236
567526.0 102.713 24.99827
567527.0 102.788 25.055833
567528.0 102.764 25.096666
567530.0 102.787 25.063055
567531.0 102.711 24.990945
567537.0 102.798 25.040277
567538.0 102.719 25.04432
567542.0 102.78 24.97825
567546.0 102.778 25.04714
567547.0 102.757 25.043888
567553.0 102.735 25.09854
567557.0 102.732 25.09597
567568.0 102.742 24.987777
567574.0 102.772 25.09438
567580.0 102.675 24.99597
567585.0 102.739 25.09949
567589.0 102.722 25.07805
567591.0 102.736 25.074859
567596.0 102.792 24.98913
567598.0 102.74 25.086774
567600.0 102.867 25.04749
567601.0 102.704 24.978055
567602.0 102.753 25.076013
567603.0 102.724 25.07704
567604.0 102.727 25.08563
567605.0 102.722 25.03837
567609.0 102.738 25.04096
567610.0 102.726 25.02076
567615.0 102.756 24.98925
567617.0 102.706 25.02632
567618.0 102.728 25.001438
567619.0 102.736 24.97529
567622.0 102.734 25.07979
567626.0 102.784 25.05901
567640.0 102.773 25.04018
567646.0 102.752 25.033611
567658.0 102.744 25.06604
567693.0 102.751 25.025555
567694.0 102.69 25.02781
567699.0 102.797 25.0146
567701.0 102.743 25.085
567709.0 102.733 25.02491
567715.0 102.804 25.03928
567718.0 102.891 25.0747
567741.0 102.823 25.03
567744.0 102.72 25.030555
567745.0 102.73 25.073741
567747.0 102.722 25.011326
567759.0 102.74 25.052356
567759.0 102.741 25.053233
567760.0 102.74 25.051339
567760.0 102.74 25.051853
567767.0 102.699 24.996
567865.0 102.678 25.00506
567875.0 102.708 25.0329
567882.0 102.731 25.02706
567883.0 102.741 25.05223
567884.0 102.735 25.059
567885.0 102.733 25.06814
567888.0 102.753 25.06928
567889.0 102.754 25.0807
567890.0 102.722 25.02713
567891.0 102.725 24.985831
567892.0 102.747 24.96994
567893.0 102.873 25.056111
567895.0 102.722 25.05806
567896.0 102.7 25.054664
567897.0 102.704 25.05668
567964.0 102.697 25.016944
568020.0 102.696 25.018333
568027.0 102.746 24.97556
568030.0 102.676 25.01015
568046.0 102.721 25.09686
568054.0 102.759 24.99255
568056.0 102.729 24.98516
568059.0 102.748 24.983611
568061.0 102.745 25.031388
568064.0 102.756 25.035099
568065.0 102.865 25.028055
568066.0 102.744 25.01248
568068.0 102.804 25.021111
568069.0 102.755 24.983611
568072.0 102.851 25.036388
568074.0 102.753 25.03525
568075.0 102.875 25.034722
568097.0 102.781 25.053611
568098.0 102.754 25.05378
568099.0 102.728 25.05093
568100.0 102.745 25.063333
568101.0 102.767 25.094722
568102.0 102.726 25.0475
568104.0 102.738 25.083055
568106.0 102.742 25.06201
568109.0 102.733 25.07525
568110.0 102.773 25.04715
568112.0 102.748 25.087222
568113.0 102.748 25.091164
568114.0 102.734 25.0825
568115.0 102.796 25.055288
568116.0 102.725 25.083888
568117.0 102.802 25.050555
568118.0 102.737 25.09
568119.0 102.751 25.060277
568120.0 102.728 25.04014
568121.0 102.792 25.051111
568122.0 102.81 25.03869
568171.0 102.721 25.01574
568172.0 102.726 25.02589
568173.0 102.723 25.02391
568174.0 102.717 25.02972
568175.0 102.721 25.02431
568176.0 102.74 25.011099
568177.0 102.758 25.0007
568178.0 102.68 25.05827
568179.0 102.688 25.05253
568181.0 102.683 25.05368
568182.0 102.679 25.0538
568183.0 102.704 25.04662
568184.0 102.677 25.054023
568185.0 102.704 25.04762
568186.0 102.728 25.048055
568209.0 102.879 25.024444
568297.0 102.828 25.089166
568298.0 102.831 25.099444
568313.0 102.863 25.09831
568471.0 102.721 25.0456
568755.0 102.693 24.98306
568849.0 102.721 25.0456
568850.0 102.734 25.00471
568864.0 102.687 25.04555
569113.0 102.721 25.03847
